ABM/data/east_narnia.asc
ncols         256
nrows         256
xllcorner     -4
yllcorner     -1
cellsize      0.01953125
NODATA_value  -9999
[rows 0 to 27 of 256, columns 122 to 182 of 256]
39.0553 28.36023 -1.205051 -3.551043 -19.58644 -26.83777 -28.37738 -47.76726 -42.86188 -12.48729 23.09437 22.66385 43.14743 43.31032 48.83754 52.76894 58.37412 69.34537 73.67519 74.31876 74.65691 74.52172 74.13271 74.65786 74.97129 74.98877 74.99179 74.99249 75.01674 75.46077 75.68066 75.9951 75.40234 75.43286 75.0659 75.02181 74.99274 74.99298 75.09 75.17343 75.26102 75.07201 75.00494 75.131 75.5783 76.06403 76.61202 76.14658 77.4137 79.78996 80.76466 80.59886 85.70818 88.18031 87.34608 90.06847 87.32374 80.06989 76.14315 75.48727 77.2438
41.35216 19.78984 -3.612548 -12.88472 3.048536 -13.73809 -29.94911 -56.28669 -39.40837 -7.081741 20.80879 26.53214 47.55356 45.00061 43.22329 49.79987 61.69231 67.57701 70.61732 73.47324 73.51852 73.96891 73.1432 73.73537 74.66618 74.89003 74.9549 74.99069 74.99364 75.14204 75.51426 75.69241 75.28018 75.37701 75.04011 74.99649 74.98829 74.99912 75.0247 75.22524 75.07832 75.03735 74.99948 75.02575 75.33173 75.66621 76.12206 75.74255 77.67106 77.65849 79.43578 77.93817 81.4622 83.26485 85.26913 90.73691 86.21357 84.20878 77.32054 77.2336 77.62539
48.01773 33.73513 7.566914 10.46125 7.762315 -16.34238 -49.5466 -28.40378 -20.19567 -5.562613 22.28622 33.97728 49.69548 44.74856 46.38927 51.7392 62.35862 65.6468 65.55961 68.58789 72.1115 72.1518 73.78584 74.2667 74.05438 74.40167 74.33981 74.83365 74.99177 75.02747 75.12166 75.26725 74.99996 75.09795 75.18741 75.01775 74.99238 74.99207 75.02129 75.0281 74.99179 75.0023 75.01704 75.00163 75.263 75.28791 75.629 75.79073 76.95748 77.02902 78.96419 78.11787 79.47746 79.18882 82.80379 83.69488 84.72883 86.589 81.14645 79.9762 77.95703
51.47864 33.43173 11.95199 6.429133 -1.042743 -20.83588 -45.34066 -11.12194 -20.00128 3.51492 20.67524 26.03376 41.91641 43.46562 43.09298 53.18697 58.25371 59.49029 59.73874 66.65546 69.183 71.55387 74.14851 73.71961 74.33538 74.76704 73.60242 74.14793 74.89845 74.99501 74.99386 74.99219 74.99269 75.0086 75.04881 75.00169 75.02936 74.99195 74.99186 74.99186 74.99433 75.00484 75.00726 75.04663 75.32037 75.23996 75.17195 75.26653 76.11058 76.82652 77.28849 77.57837 79.49295 77.96491 78.03703 79.60714 84.13136 85.81693 84.31171 80.34495 80.68318
52.1977 37.81746 24.61176 12.26661 8.535902 -4.058052 -9.503036 -14.45739 -1.147535 -8.808083 9.419426 20.78598 14.95217 20.84515 28.72182 33.77731 42.26226 54.95047 54.69057 62.3833 70.08179 70.96989 74.16665 74.21118 73.60323 73.48695 72.08002 73.55312 74.08877 74.84783 74.99152 74.98721 74.99179 74.99178 74.99581 74.99921 74.99944 75.01488 75.00398 75.00098 75.04046 75.00499 75.01047 75.0862 75.04324 75.12833 75.00179 75.01805 75.22598 75.13653 75.29863 75.91633 75.63436 76.12173 75.88222 76.14211 78.08265 80.79983 82.02155 81.61121 79.07677
54.54238 47.32455 38.13233 22.95226 14.79577 13.75716 12.58792 10.61582 -1.424551 -18.17177 -5.037807 11.98297 -1.84687 -1.336636 12.34426 19.04008 42.63109 48.83507 53.8661 67.01312 67.59417 71.86797 72.949 73.73598 72.57267 70.26371 70.63396 73.27731 74.24426 74.275 74.90688 74.96838 74.98713 74.99234 74.99296 74.99182 74.99517 74.9957 75.03489 75.01527 75.10815 75.04414 74.99926 74.99878 75.10277 75.02996 75.00018 75.01705 75.00408 75.03796 75.08194 75.08073 75.12959 75.17828 75.58743 75.37823 75.69894 76.86548 78.90646 79.26205 80.34866
50.7796 50.45523 41.36746 28.88082 6.588163 9.257062 8.775712 -4.30484 -10.129 14.11754 7.055121 8.064407 12.46962 9.117251 17.349 32.42125 38.38655 52.94989 57.4745 61.08484 67.32195 71.03243 72.66503 73.75182 72.65792 71.21377 72.07888 71.88124 74.40742 74.28242 74.55016 74.62624 74.75564 74.9867 74.99809 75.00954 74.98055 74.98625 75.00166 74.99179 74.9918 74.99175 74.99181 75.01344 75.2878 75.11863 75.02544 74.99941 74.99938 75.01017 75.5123 75.50802 75.36528 75.30133 76.16862 76.14429 75.66058 76.27096 76.95882 78.29968 79.38811
53.14228 50.87849 46.81598 33.65613 12.38973 -10.62144 -20.49183 -15.02621 -2.268541 14.57933 28.154 25.03766 1.271087 23.13894 30.17165 37.08231 46.22538 48.30891 56.45652 59.39501 68.10177 70.46353 73.26762 73.48605 73.62704 73.60895 72.39333 71.93499 74.35354 74.38096 73.91623 73.76959 74.01633 74.57196 74.99079 74.99183 74.97678 74.99179 74.98785 74.82681 74.97945 74.98289 74.9814 74.99184 74.9988 75.01125 74.99801 75.02292 75.03201 75.00177 75.59958 75.75075 75.87689 76.29398 77.63047 75.6925 76.2061 76.76363 76.42734 76.55303 76.37103
57.77983 49.64828 50.17257 28.8277 20.52225 -11.86259 -22.00604 -9.195087 -6.247689 20.72376 23.6437 11.19908 -11.82585 18.0623 37.46162 32.00112 42.87627 51.67954 57.78574 64.21355 70.94783 71.38482 73.41769 73.77493 73.65056 73.16521 72.07891 72.51932 73.48467 73.68875 74.15842 72.98142 74.60467 74.60172 74.99152 74.98966 74.99113 74.99033 74.97256 74.91932 74.98971 74.99179 74.99178 74.99348 74.99169 74.9917 75.04304 75.01865 74.99254 75.284 75.46655 75.64286 75.59792 76.03297 76.295 75.95869 76.30138 75.9774 75.58911 76.17223 75.7619
56.70279 48.8982 42.35817 30.69034 24.42217 4.235497 -10.37748 -4.172563 4.507919 5.979389 20.92312 -5.789971 -16.40299 9.194713 29.48477 37.29829 41.16795 48.13847 59.16803 69.03004 73.11986 73.55901 73.2993 73.97134 74.26276 71.18296 71.64536 73.52901 73.68393 71.74345 72.7678 73.28372 74.41451 74.77642 74.9876 74.99058 74.9874 74.77144 74.7553 74.96925 74.99387 75.06831 74.99861 74.99443 74.9947 74.99184 74.99216 74.99466 75.04052 75.12222 75.28196 75.20651 75.17941 75.65423 76.13484 75.44811 76.00821 75.32695 75.48278 75.83934 75.33916
55.41393 52.7814 41.79248 30.04571 31.19221 10.56731 -16.10629 4.960907 2.506406 16.07238 15.50338 11.50811 4.532694 18.15604 28.38879 40.57299 44.60051 59.97149 62.73438 69.94942 74.14426 72.53429 71.9181 73.63526 73.6917 72.65688 73.85 72.24245 72.36876 71.58339 72.24076 72.39148 73.68817 74.38371 74.9588 74.86234 74.86688 74.88488 74.77596 74.98596 74.99205 75.15404 74.99409 75.00066 74.99179 74.99149 74.98383 74.99606 75.06239 75.10542 75.0817 75.08016 75.02567 75.11161 75.83232 75.4452 75.14848 75.19463 75.24937 75.12341 75.15929
64.75999 56.6863 48.45819 46.54106 34.63886 19.18196 6.562178 23.54806 18.51889 26.89293 31.803 30.54962 28.41547 31.02266 35.228 42.4302 52.24324 63.47752 69.47713 70.76562 73.11938 72.09139 70.89561 70.57565 73.38481 74.13429 73.50291 71.25642 72.19556 71.82082 71.80632 72.04455 73.19842 74.71305 74.88544 74.95193 74.89988 74.95868 74.96609 74.99168 75.00294 75.15213 75.05164 75.03528 74.99181 75.00381 75.00887 74.99905 75.06756 75.29478 75.07804 75.00196 74.99947 75.0843 75.19025 75.3161 75.04713 75.00777 75.08923 74.99458 74.99245
69.26334 59.20457 52.16465 44.2774 40.37618 38.10806 26.60253 27.22325 46.20295 33.51229 32.29508 38.07848 31.27748 34.63183 37.04467 55.15825 58.35852 64.48234 68.62376 69.91383 69.57157 69.5415 69.30585 70.36 70.96986 72.10554 73.86778 72.66458 73.08845 72.06924 69.3778 69.90746 71.9609 73.93769 74.9437 74.98239 74.66835 74.93975 74.93673 74.956 74.99179 74.99978 75.39285 75.1176 75.00303 75.08642 75.66223 75.4111 75.31175 75.29936 74.99391 75.02078 75.08837 75.53998 75.37382 75.2859 75.01777 75.0252 75.10654 75.00486 74.99166
70.78547 62.36988 60.87994 52.6086 49.76254 50.33752 43.0544 47.40932 47.40593 45.34764 36.70659 37.59879 31.52457 31.97823 40.2358 61.78274 58.22945 59.3765 65.38803 69.04497 68.08968 68.824 69.18695 65.66496 69.09326 70.92989 72.06042 73.5707 73.152 72.37206 70.09005 68.67662 71.57637 74.04442 74.82477 74.81147 74.8616 74.84978 74.87299 74.73267 74.99177 74.9918 75.10249 75.33379 75.01221 75.06639 75.28625 75.86446 75.95216 75.08994 75.01486 74.99619 75.0667 75.53874 75.44899 75.78584 75.25555 75.16452 75.06743 75.00293 74.99277
69.5593 68.3978 67.76653 58.90137 59.16596 53.92455 52.7283 49.19877 50.32278 47.15997 46.13952 38.99446 42.97126 42.70845 50.63014 51.87874 59.25102 60.67238 67.30901 68.58113 65.18615 66.14825 64.65331 62.06979 62.66867 69.26021 69.54794 71.37044 72.31032 70.71737 71.85525 70.59778 73.11935 73.89955 74.73834 74.92441 74.98914 74.98195 74.90898 74.98412 74.99179 75.00448 75.00544 75.19851 75.23795 75.43742 75.23504 75.3438 75.60957 75.17777 75.06866 75.00828 75.04527 75.28183 75.11227 75.80998 76.05733 75.96664 75.23512 75.02638 75.01298
70.1484 66.24855 66.78963 60.23837 50.15343 49.47979 48.80919 48.08522 55.58213 55.36266 38.91885 32.41683 44.81014 57.12741 51.79719 56.72815 50.83013 61.62183 62.75932 66.98811 64.4341 65.50076 59.78729 59.55669 60.759 67.52236 68.17967 71.37215 69.65315 67.3819 65.905 69.30836 72.68485 74.24026 74.66736 74.96715 74.97269 74.97785 74.97319 74.95058 74.99179 74.99181 74.99187 75.07214 75.09885 75.33994 75.09402 75.1563 75.42484 75.36045 75.50592 75.2254 75.17318 75.12535 75.36647 75.58244 76.4086 76.67165 75.55305 75.36957 75.12373
68.24319 64.53683 61.11333 59.49998 55.78928 49.38839 44.55909 43.53432 52.1285 38.87519 35.58897 27.47864 39.78097 47.57241 58.78017 62.67411 53.65819 58.09404 58.17005 63.48917 63.80636 62.62362 59.3224 58.28283 61.9654 67.36024 71.34952 71.31721 71.18043 68.13396 63.84008 65.50937 71.27787 73.25393 74.55711 74.73361 74.84814 74.79595 74.19296 74.65343 74.86277 74.96288 74.77661 74.97128 74.93417 74.99179 74.99179 74.99179 75.1311 75.20668 75.24309 75.26474 75.09254 75.19412 75.3112 75.74242 77.07137 75.77188 75.81936 75.67061 75.31317
65.31908 65.50801 62.91934 63.38544 54.78298 50.16323 37.54407 39.58234 35.77643 34.60748 28.72566 29.44106 37.18247 43.22419 61.88852 64.18024 59.7244 62.74056 54.53748 54.97538 58.0215 56.33537 59.39116 61.03802 63.56419 68.15179 71.67919 71.44817 69.88216 67.81337 63.41048 67.32245 69.50465 71.2876 73.93918 74.10429 74.64686 74.31041 72.44187 73.89992 74.35576 73.8866 73.83834 74.49425 73.98088 74.89947 74.86069 74.98991 75.03333 75.06004 75.22463 75.18245 75.15976 75.93439 76.3478 76.55674 76.25633 76.95258 77.03349 76.84255 75.73569
62.34109 65.94338 64.6855 60.59835 61.42852 54.80052 49.43688 44.80186 26.1195 32.3029 27.14181 31.58141 43.51495 52.04748 57.66302 64.8002 64.67017 60.42776 53.35275 58.15071 57.11248 57.22711 63.34071 60.58522 66.37067 70.22439 71.34448 72.26743 66.19505 68.3363 66.97077 66.90524 66.37738 70.26391 72.60375 72.92534 73.57973 73.24823 72.28786 73.66475 73.42354 72.83921 74.42442 74.17426 74.28448 74.32761 74.74411 74.92419 74.99354 75.00639 75.61337 75.37347 75.2259 75.7769 77.23183 78.84129 77.70422 79.22453 76.8086 76.94185 76.04017
66.84512 68.92972 64.53368 56.81967 60.48155 60.95233 63.02223 56.16492 39.50323 32.88942 15.32031 31.09125 47.80692 54.65998 61.94058 63.99296 64.46407 64.04774 58.60769 63.02453 65.54479 58.84748 62.78846 65.67886 65.08577 69.58544 70.96899 68.06564 67.66792 67.27872 68.71084 69.83222 68.65183 69.17573 71.13244 72.77464 73.76049 73.59956 72.52389 73.6636 72.05502 73.23611 74.02845 73.89367 73.86713 73.77532 74.38971 74.96779 74.96977 74.99179 75.07475 75.37889 75.28915 75.33078 76.10764 79.87936 81.67581 79.63133 77.27818 77.81832 77.11185
70.15839 68.14901 67.46275 61.51875 57.43005 61.63428 65.42872 60.769 58.22945 45.38496 36.2662 41.09039 51.01293 61.70448 66.12479 63.52891 65.18909 65.66178 59.52526 61.71766 68.87844 66.89465 69.55868 67.37527 68.28559 67.95692 69.69128 68.13862 68.12417 67.50251 70.05796 68.40927 67.18972 68.6293 71.31788 72.35388 71.91875 74.0876 74.10245 72.94315 73.0724 71.86334 73.49102 72.87435 70.61982 72.97433 74.30132 74.92899 74.95841 74.96763 75.01621 75.09115 75.42472 75.59252 75.59899 78.33572 81.42247 81.55478 79.34725 80.1035 80.39407
70.68271 70.37221 66.9801 65.7141 59.58545 61.9062 68.01638 65.22969 63.83985 56.40518 48.85138 53.68905 52.10927 55.00618 62.92168 70.14191 70.62183 63.45816 62.89158 67.47147 70.33636 71.31924 71.9118 71.1439 71.03131 71.18378 72.71091 70.40497 70.07461 70.63019 70.68003 67.97369 62.28051 65.71301 69.63017 72.24194 73.6227 73.64754 73.57124 73.15292 72.21257 68.85516 71.25786 71.6301 69.55272 71.93752 73.81928 74.49872 74.72579 74.91253 74.99216 75.0694 75.50595 76.08897 76.01688 76.9688 77.49183 79.56895 80.46073 79.63752 80.5404
70.68868 70.84985 64.98837 64.91895 60.62243 67.44888 68.65192 68.17032 67.59273 58.37387 47.49627 47.37144 54.17332 60.44056 63.11967 68.33091 71.56511 69.59075 66.28115 70.91564 72.24549 72.80029 73.41421 73.28368 73.24572 73.00066 73.14523 71.86116 69.63939 69.77227 69.76079 64.20917 63.65872 63.44341 66.27898 71.17007 74.75111 74.78902 74.49142 72.60987 71.21439 69.17583 66.21938 70.71 71.50864 72.12563 72.66598 73.8533 74.21088 74.70776 74.94846 75.00539 75.13255 75.31896 75.59048 76.52982 76.02096 77.7255 79.9744 82.57135 81.06089
72.46767 69.91894 64.71305 63.58533 66.2991 69.01131 71.75581 70.8854 65.86243 62.82516 53.43516 51.69511 62.42234 60.07528 63.13686 67.22076 70.95278 68.98304 68.39481 70.14775 72.71943 74.19993 73.283 73.88717 73.17068 73.10355 73.3719 71.86337 69.65868 67.39202 68.78083 59.98993 62.2829 68.10689 67.23524 70.88393 74.54617 74.7336 74.19706 74.24796 71.99815 69.88109 67.73892 72.43454 71.8724 71.74738 72.68736 73.64203 74.26754 74.66078 74.96893 74.99172 75.075 75.43002 75.69816 75.92134 75.91461 79.07868 81.77515 83.12349 82.47507
73.89278 72.12894 68.521 68.64423 69.08514 70.75763 70.39215 69.72708 68.8562 61.53234 59.12402 56.21405 63.53103 63.35379 65.203 68.42293 66.88556 67.75422 69.18547 71.07795 70.88915 72.77509 73.22182 73.45557 73.50048 73.08743 73.35045 72.6439 69.55023 67.79086 66.57413 66.92523 66.8811 70.70313 71.23062 72.5076 74.1153 74.23914 74.74222 74.78209 73.98837 73.43781 73.20356 72.62041 72.80333 72.77558 74.31999 73.88275 74.24504 74.75682 74.89907 74.99178 75.09797 75.33671 75.47514 75.83658 77.16682 78.28857 83.88522 83.01917 85.8578
74.99025 74.82692 72.45419 69.88983 68.17511 71.91805 71.38787 68.44677 65.34498 63.40655 59.8004 64.12282 70.59817 66.42558 63.72964 62.68347 64.34601 65.32039 64.97611 66.22179 65.06166 70.2546 71.1797 71.49636 68.70596 71.63546 73.69797 73.43432 68.83508 68.66836 68.58023 67.68282 72.04387 71.24384 71.71235 73.77972 73.20164 74.53403 74.639 74.74045 74.51352 74.54026 74.16306 73.8511 73.60221 71.81477 72.71976 73.56049 74.30178 73.98138 74.90548 74.99247 75.13238 75.53924 75.92142 77.42504 79.07687 81.12159 82.88853 90.45655 94.65542
75.04288 74.98676 74.23547 72.73786 71.03598 71.74059 70.37253 70.17471 69.85014 67.59791 67.1294 69.22382 70.26154 67.97271 62.76393 61.08022 56.8031 58.26416 61.87733 60.91047 66.25808 69.77984 72.09363 72.41627 70.01781 72.41561 73.26514 73.94637 70.9916 67.45971 70.26764 70.86116 72.50282 72.85857 73.49358 73.69762 72.6281 73.76375 74.66077 74.60074 74.86719 74.54118 74.61352 73.76565 73.69682 72.71556 73.31133 74.09485 74.31538 74.53583 74.97585 74.99757 75.56672 76.06585 76.92236 78.0036 77.43201 80.02393 81.97896 85.38963 92.26221
75.21194 74.99182 74.91273 74.55283 72.50426 72.21642 71.42191 70.08037 69.91661 68.30843 68.64609 70.4155 70.60326 64.71648 64.73972 61.95627 59.54129 55.10942 62.10312 60.72507 68.85126 72.70979 73.59937 73.79265 73.48596 74.02882 74.43398 73.99766 71.39748 69.71124 70.90815 72.36534 73.68983 74.07246 74.58186 74.53764 73.38584 74.2176 74.51968 74.22533 74.94344 74.87209 74.85659 74.50835 74.20926 73.82597 74.5573 74.5155 74.69057 74.57245 74.9446 74.98722 75.11253 75.90521 76.17278 77.52329 77.98674 78.09434 79.03757 79.41534 81.82539
