ABM/data/east_narnia.asc
ncols         256
nrows         256
xllcorner     -4
yllcorner     -1
cellsize      0.01953125
NODATA_value  -9999
[rows 28 to 55 of 256, columns 61 to 121 of 256]
110.1137 116.4442 121.2787 136.3931 141.1107 143.3174 141.0282 135.1976 140.2417 148.1183 145.3513 163.5759 178.544 217.714 214.4007 226.2461 299.9923 339.8015 440.082 454.3432 388.8147 374.6396 367.2611 368.2697 423.9267 396.5914 306.6183 257.1328 237.9001 227.5339 206.6082 191.0159 151.3472 134.3997 130.6475 107.7271 97.58812 94.21156 81.73084 82.39937 83.12063 83.33865 81.26744 76.55202 75.3082 75.11052 75.45592 75.03082 75.15124 75.00372 74.99245 74.99671 75.01884 75.6841 76.40659 75.96423 76.12057 77.47163 77.56776 78.6328 75.73541
120.9262 118.5926 125.4141 135.6153 138.1953 122.966 123.046 133.9904 142.6469 155.4468 155.5458 180.2396 194.8188 215.3162 234.0775 246.8688 304.4002 342.3397 382.2353 385.0585 366.1689 329.0872 303.403 323.6915 342.4775 324.9013 262.8809 219.6127 220.1348 198.9579 184.3322 149.914 140.6721 127.9586 118.455 116.8741 110.984 96.08744 84.80878 81.29362 80.89471 83.30709 81.14937 77.97276 76.65723 75.49609 75.07767 75.48074 75.201 75.00996 74.99072 75.01762 75.18495 75.53152 76.21435 76.25282 76.18777 77.10243 77.7216 78.0224 75.18053
145.6305 141.2357 130.6044 140.1546 133.3562 132.9366 128.6869 131.5036 145.4451 140.6349 162.0287 192.0388 207.4775 230.3564 268.2267 289.7786 299.732 324.29 319.15 328.7125 344.5708 335.811 294.6799 308.5401 282.5729 253.3866 226.1473 199.5647 213.6155 206.4224 179.4148 173.8207 151.0536 140.0914 131.2483 121.8012 109.4472 95.84332 95.88499 88.31037 88.29267 86.52969 85.52942 80.82949 78.37604 75.92047 75.25076 75.4504 75.01986 75.1434 74.99684 75.01134 75.33102 75.97794 77.40641 78.6237 76.68079 77.56889 78.78854 76.66768 75.28318
135.5467 145.4427 141.4391 129.4679 132.8402 132.2809 139.1112 128.4067 124.2261 146.6161 157.9951 181.7275 217.189 267.9233 310.4196 272.051 295.0316 313.6128 280.5258 274.1148 313.6496 337.3994 297.7464 266.0226 246.7506 246.2937 219.9121 182.6484 183.7298 198.6164 192.9082 207.2252 173.7528 164.3578 132.4317 131.7591 107.5398 104.0646 105.6989 106.0932 99.77728 99.77392 88.62292 87.86033 80.35777 76.81528 75.64532 75.21139 75.00417 75.05807 75.08345 75.19744 75.87019 75.51829 77.31854 78.42825 77.03683 76.85297 77.00687 75.91658 75.60661
128.2399 132.6825 139.3705 132.3562 127.8604 121.9948 121.4103 121.3231 116.5615 129.5493 145.2295 162.3167 192.2291 247.7243 288.0165 264.439 268.3209 238.9509 219.5072 227.9097 259.026 281.8876 260.2883 232.6773 242.8619 247.2125 192.5659 180.5126 178.8805 169.1504 194.5071 201.9119 172.8595 154.3424 136.1038 123.0682 116.189 110.7995 117.0673 113.1623 110.5025 110.4469 98.77956 96.51883 86.11221 77.41309 76.22278 76.29906 75.17623 75.48759 75.39318 75.95923 75.62305 75.30869 76.77483 77.84924 78.24898 77.65041 76.12253 75.88123 76.15775
124.9028 125.4146 120.4403 118.3339 112.0012 110.9364 116.4975 112.4326 120.5734 132.511 149.7013 168.8802 193.5699 215.8881 237.5007 242.5585 251.9396 206.5532 184.208 182.5669 231.3697 254.9778 251.0919 219.1898 244.0215 220.459 188.4066 176.6587 163.8164 172.7375 189.827 192.6823 158.4437 133.0685 130.6551 123.9947 129.0039 116.8319 123.9989 107.8838 111.9937 119.5969 110.7132 103.1936 93.92671 83.7088 80.02677 78.25028 76.36883 75.89906 75.37067 75.15608 75.22027 75.05437 75.41673 76.48111 77.14408 76.39585 77.43911 76.30029 76.15456
122.9196 124.315 118.3486 109.6666 108.2397 113.7143 114.0963 110.6264 128.6705 137.6656 148.2421 155.999 170.7445 196.6945 221.9743 239.0535 220.5349 211.0578 176.4256 182.8981 199.5578 197.2646 224.3275 208.299 215.5644 217.0102 172.1928 168.6191 155.0878 155.8118 182.3868 162.7555 152.7831 148.4191 135.1641 128.0863 139.6478 137.7354 128.1201 112.6122 111.5817 118.9039 115.0334 109.7487 101.405 92.58968 81.2203 78.94487 79.37456 76.87629 75.92169 75.01178 75.05985 75.02415 75.16444 75.8828 76.47219 76.65726 76.3345 76.50201 76.688
111.5902 115.9791 106.9446 112.2552 108.0367 111.2773 113.8588 122.6587 122.513 121.1151 126.105 133.6535 153.5724 181.8016 205.7744 196.7257 195.0259 192.8123 186.2493 172.9512 158.8741 168.6839 176.3096 179.6548 185.6802 175.0104 151.2133 158.7759 143.7608 151.8217 149.2457 152.1775 138.8202 167.8738 158.7516 148.9294 147.6065 132.3987 114.9863 102.0996 111.2355 122.2759 132.8169 113.7894 105.4631 94.92024 85.76982 79.45657 80.11353 76.40129 75.54348 75.0313 75.08167 75.1869 75.07493 75.81467 75.35893 75.87033 75.47866 75.83138 75.86579
105.914 102.8181 111.5494 106.0103 106.5378 116.0815 120.438 119.7367 119.1223 118.3857 121.6105 138.8467 144.3567 166.272 167.5669 158.834 178.1595 177.2959 178.3588 159.4887 157.8016 163.9891 161.3307 164.1228 164.9543 151.8454 145.3515 141.2372 145.9436 147.4032 146.6581 132.6175 141.031 158.6598 173.8234 181.8342 141.9817 130.5052 117.5261 110.5876 112.6203 126.9496 133.8686 137.232 108.2496 95.29312 85.72925 85.79922 79.64164 76.49691 75.33613 75.05588 75.29145 75.79965 75.47873 76.5705 75.64085 76.59069 76.1291 75.77458 75.46602
94.0371 94.4884 102.7637 103.4192 111.0747 119.0591 120.4859 131.0832 118.0035 121.1262 122.255 124.1734 135.8724 156.3292 149.7732 143.0799 137.6152 144.4785 149.1456 156.584 150.3995 138.3666 126.3357 138.9088 138.7174 141.3313 128.0898 133.6911 148.3653 130.4814 113.4799 123.4767 131.9226 132.7216 153.8477 153.3136 137.4954 125.2292 124.321 117.6174 125.4391 135.1572 141.3597 130.0048 109.8818 98.51575 90.52587 86.05033 80.75952 77.04227 75.54639 75.18973 75.28981 75.92262 76.53561 76.01967 75.60509 77.04939 76.76427 75.6055 75.72242
99.24202 98.55148 96.54375 97.00993 106.7993 117.0565 119.3462 128.6697 125.9606 121.6547 127.7946 122.6588 148.0405 153.1605 150.6216 141.9279 122.2917 119.675 136.236 146.9766 129.4011 123.1729 124.0238 121.3555 141.9139 134.899 123.9899 124.4744 127.7165 122.0278 114.7364 121.4054 127.7757 126.6722 161.8073 161.1199 131.8611 118.3289 118.6867 116.2344 124.0885 132.4334 129.6628 127.0637 116.785 106.9147 90.42622 87.50494 81.37666 78.13329 75.34634 75.62297 75.30107 75.57699 76.24925 75.98454 76.53356 76.35351 76.66135 75.54221 75.21517
105.7932 101.9769 98.41409 100.0311 112.0677 114.6813 114.1531 137.5877 149.8153 157.0403 146.5697 139.6301 154.2322 161.3278 160.7928 148.9712 119.6237 122.4906 134.89 133.2319 122.9907 125.7583 128.1486 126.6735 132.896 127.9372 116.3814 127.0368 123.8131 129.0171 123.0528 127.0244 122.6373 129.3689 151.1527 171.8722 140.7854 122.456 130.9371 127.6313 134.8013 126.1729 116.1946 121.3489 110.8737 101.1473 95.94356 85.64426 81.12991 77.51671 75.82807 75.49417 75.12675 75.41206 76.7185 75.93246 77.14375 76.51174 77.0685 75.41599 75.41883
110.2589 103.7421 106.5471 111.8075 109.9529 116.1603 130.3407 141.3354 167.8234 173.5816 157.0116 163.6637 155.3985 178.1122 166.8277 150.2004 137.7153 127.8128 124.3138 134.7595 117.3512 120.2338 118.6758 135.9556 124.6301 124.2589 118.568 126.3913 133.4488 132.1295 123.7947 114.7331 120.524 131.6042 162.0141 177.8126 143.1748 129.1036 137.6802 136.1145 125.1766 130.7258 117.5721 116.2948 113.4407 103.0308 92.26663 86.81243 81.78815 76.90859 76.39512 75.41513 75.59891 76.33533 76.16133 76.02651 76.47369 75.37892 75.59863 76.19401 75.49361
100.4894 104.3018 111.7061 130.385 126.506 138.5244 142.959 142.2714 163.3954 161.8752 154.6273 170.7726 180.1566 176.3596 177.4724 164.2966 152.6525 120.8411 124.0794 127.9216 125.8894 131.4637 124.3575 129.4802 134.9847 125.5088 118.633 123.3783 117.89 138.9586 124.1548 120.8988 130.7757 137.1935 150.4843 168.4192 148.8837 136.4118 137.0993 136.2641 143.0447 134.147 128.0675 121.3188 117.1268 107.7849 95.21593 89.03336 83.71152 77.6052 75.86208 76.6017 75.72253 76.66822 75.54484 76.6403 76.6219 75.84264 76.25776 76.27178 76.51416
104.5794 106.2877 124.9992 139.1183 140.5801 145.092 156.5408 140.9421 148.8831 157.4567 159.1647 163.5537 172.8435 166.299 169.7931 152.8635 140.4078 133.6357 135.7209 139.396 136.0012 127.0488 131.4671 130.3212 153.3501 136.7036 127.0219 117.094 121.904 132.0546 119.2959 117.9989 131.9055 140.3648 153.3788 164.0302 169.4029 144.9564 160.4205 157.439 148.8944 152.0841 128.9619 125.3881 116.7581 114.4656 97.46544 98.96922 84.56438 78.22439 76.9428 76.00136 76.22071 75.85973 76.5029 75.84826 76.96329 76.79153 75.53938 75.72136 77.19856
113.7028 117.226 133.6451 134.4908 134.9722 143.7997 147.3436 155.5748 166.4987 171.1714 179.3374 165.961 157.8438 151.8936 148.9492 147.4137 143.0589 155.3631 144.6526 153.772 140.2397 143.672 133.8079 131.2985 134.9936 127.7522 123.873 121.842 123.0901 128.67 117.4195 125.2981 116.252 134.2346 141.5941 164.8228 168.5486 154.8598 162.0152 152.4558 136.0766 153.3878 144.8771 126.6881 115.8062 109.0235 100.4117 97.21739 89.57583 81.52856 78.27499 76.36415 77.35696 76.11654 77.53482 76.58174 75.77404 76.44553 75.51814 75.39202 76.9541
120.1318 129.8961 121.6851 131.4609 130.1942 141.1037 149.5731 156.829 153.4867 177.6412 184.9686 188.8375 154.3635 136.4939 133.7276 126.557 131.4727 145.0057 140.5665 143.8398 139.6173 135.3038 138.3761 132.0473 131.4514 131.611 121.3895 119.8737 126.0526 118.7747 132.8414 133.135 134.4004 126.831 139.1422 146.9889 160.941 152.8081 138.2421 128.6129 129.132 142.3815 128.2291 117.4599 120.9844 115.423 109.739 100.9239 91.23293 82.99256 77.03014 75.75524 75.9127 75.77765 76.27534 75.93163 75.98495 76.28969 75.73486 75.33282 76.60922
114.8398 114.7388 117.0126 117.2173 120.4299 139.8382 152.7558 153.6791 147.2461 191.3385 190.4784 172.5344 144.4572 134.9342 124.8736 114.2181 114.9452 140.8408 138.1659 136.4707 132.9673 132.6727 144.1479 142.0499 128.9741 120.3957 114.3667 117.7964 129.4327 121.1717 137.8989 143.0773 136.2523 134.7428 141.8201 157.799 164.8247 131.1754 116.7178 117.1617 120.9568 123.9462 112.8876 108.222 116.4578 120.2635 130.5541 105.2976 90.61209 83.91138 78.30871 75.72854 75.15249 75.21833 75.64289 75.24844 75.45744 75.44479 75.16131 75.27917 75.67796
116.8374 114.7694 107.47 111.7558 112.358 116.8263 135.3743 142.7044 153.7527 174.2747 182.1925 159.8991 153.9723 135.9408 107.4741 105.1654 108.3078 116.0573 116.1181 123.3504 121.4371 133.1959 122.2165 126.2986 122.5333 123.8546 118.5002 127.3738 138.1851 135.2407 136.4756 141.2773 145.5612 132.9863 142.3216 149.156 144.4545 123.019 112.4747 111.9113 100.7195 101.9236 103.5157 106.4893 119.7589 121.0001 122.9916 110.3628 87.17786 84.77058 77.8251 75.48048 75.34917 75.53081 75.48528 75.26164 75.30939 75.01242 75.19978 75.26678 75.85159
120.8002 113.4784 102.6778 109.1513 103.0561 108.8976 116.0882 138.5134 148.0197 158.8046 147.9206 155.001 143.9613 130.8085 114.1216 105.7774 111.1625 104.6564 100.5454 102.4973 112.2343 112.9888 120.7808 130.1703 125.6646 114.6346 111.8653 116.3764 131.3521 142.6657 144.0588 140.801 158.3609 147.1744 153.2325 145.2171 126.3961 129.4164 118.8236 116.8869 100.3941 99.81161 103.5994 100.4984 110.271 104.8383 109.7933 107.4769 90.75271 85.581 79.72636 77.59588 77.07999 75.49551 75.2151 75.19988 75.26553 75.08898 75.27538 75.56473 76.52313
121.691 120.8543 105.2687 110.2095 102.3489 110.1127 106.836 117.0052 133.3194 135.6469 123.9361 127.9376 120.1658 113.0634 111.4088 111.3878 100.2999 96.30547 103.068 107.6371 107.8328 115.2724 120.7922 123.4176 116.2384 107.158 109.1535 123.8129 121.3113 126.0215 134.0909 130.307 149.2344 165.9491 165.5181 136.7691 132.7814 130.7984 123.2587 114.7585 97.75547 92.71637 97.02954 100.8108 101.8458 102.2785 95.30337 98.38686 85.992 87.94943 85.51424 80.89768 78.51799 75.77254 76.0023 75.8894 76.27958 76.45959 75.93951 76.76517 76.90913
122.9206 121.6815 107.8777 99.23338 97.64784 107.7102 108.8202 104.3317 105.871 111.4341 103.7338 109.8926 104.7581 109.5011 106.997 108.8413 96.73078 96.13627 107.7492 114.2774 121.466 125.5374 127.1357 128.5402 114.0897 105.0422 107.2481 111.465 115.4568 110.5263 120.7939 118.1381 150.6541 158.8324 146.5414 135.2725 126.3039 123.01 126.9651 126.3074 98.98882 94.27802 97.55155 96.55855 98.16059 88.38344 86.83109 87.18229 83.16671 82.345 81.80698 83.80257 80.00143 77.43037 78.34322 76.37231 77.01746 78.87643 76.96731 76.82195 76.22312
113.9647 115.5335 104.9155 103.8244 106.389 109.0939 99.50208 98.70545 98.17343 104.0964 101.0045 100.7026 92.98058 93.38059 102.5407 108.9371 102.3635 103.5998 108.9369 122.4956 126.7851 124.2849 123.6514 122.3976 96.87586 94.68675 95.99891 107.8459 108.0007 108.5162 109.4631 121.2713 143.1643 162.0041 156.0078 134.0185 128.1124 118.4383 120.4595 117.1625 99.24316 94.1433 96.43145 85.69582 88.93794 86.28961 81.7402 81.8569 80.58727 78.76815 80.11137 82.29337 84.69331 81.73614 79.83406 78.81182 78.94234 80.20539 78.13162 77.77819 77.83726
112.308 114.9351 105.5377 109.7918 119.68 112.0923 96.54799 96.07054 103.0963 99.36108 94.16578 92.78292 89.22873 91.39653 99.13403 100.9169 104.6077 107.5659 114.9859 116.1854 131.0988 124.9438 120.6918 109.2697 93.3535 98.01175 105.6245 106.5842 107.51 112.3792 112.049 112.3635 140.1123 168.3114 154.431 145.8423 132.6682 113.2768 110.9503 111.8668 102.0844 95.32784 86.45712 83.3316 83.41858 82.16107 80.04274 78.32639 77.49899 77.46814 78.71684 79.78391 81.61205 82.11233 78.41359 78.95142 79.33347 80.27527 78.85709 77.59318 78.83616
101.0438 94.56798 103.0858 103.95 112.5752 104.4253 91.99314 94.48633 93.22398 97.11242 97.82137 89.42699 84.56996 84.8228 92.02026 94.91255 101.1122 97.21198 110.2207 120.6642 111.6327 107.735 108.5653 97.80802 107.3649 105.7635 111.9975 108.8317 126.0676 114.6765 111.2323 105.7941 127.3841 161.3333 156.6259 144.0596 144.5903 121.2272 100.6647 101.2205 100.6112 96.00552 87.97075 87.6137 85.02145 80.63542 81.48253 81.7906 77.45811 76.84664 77.57558 77.67043 80.43253 79.00062 78.43008 77.33835 77.78945 78.8669 79.11693 77.58738 76.70726
97.0768 91.35512 95.32275 91.2551 95.91273 88.69365 84.99184 85.06751 86.63902 87.56139 88.25078 90.07887 89.58316 83.9739 84.29383 83.95084 87.56023 88.95779 103.3248 104.5133 97.49848 102.8413 102.7984 107.3351 117.4393 116.5787 113.8523 118.1621 121.8195 128.3734 120.5851 111.0775 133.373 144.0874 151.9647 141.1602 141.2232 124.0596 111.086 101.2815 92.90857 96.16377 94.97546 89.05392 85.12162 83.05829 87.5485 86.33824 82.79858 77.4681 77.23373 76.67665 76.99088 76.59068 75.48393 75.64118 75.56416 76.40604 77.86245 77.70994 76.47695
93.49928 92.35989 89.35695 85.35612 83.70155 80.24564 79.9949 79.06512 81.98719 82.05612 82.65642 83.66834 84.51167 85.09839 80.34428 78.81344 82.36738 86.88174 88.92015 89.06195 91.03516 100.017 102.7543 114.5835 128.6248 129.0471 124.5783 121.9954 146.7072 137.5428 115.2206 117.9526 121.1357 129.2818 151.8191 151.714 128.0653 118.0006 114.3599 101.0525 90.77648 92.70107 92.50471 89.83369 84.55421 81.79617 88.51465 84.95626 84.25316 79.62852 77.50325 76.40652 75.82962 75.35313 75.61497 75.62547 75.37425 75.66552 77.75215 77.78805 75.45182
85.32582 84.51341 82.15211 80.35908 78.27011 76.83712 76.52443 76.25215 78.05032 79.63376 80.98 77.39166 79.05589 80.47719 78.10592 80.02547 83.5015 87.36299 90.21858 89.72068 98.66722 100.176 109.0066 111.2679 116.7742 121.7534 125.273 122.4942 134.2599 135.6225 123.2568 117.654 118.3513 122.1894 133.4105 141.0429 121.9991 106.6526 102.8048 94.34208 95.75179 88.30231 88.92223 85.39549 81.59953 81.21802 88.68291 87.57619 88.04328 79.8341 76.81452 75.88152 75.32298 75.26289 75.45514 75.78053 76.11033 75.3691 76.87452 76.70297 75.326
