ABM/data/east_narnia.asc
ncols         256
nrows         256
xllcorner     -4
yllcorner     -1
cellsize      0.01953125
NODATA_value  -9999
[rows 28 to 55 of 256, columns 183 to 243 of 256]
85.62645 101.7831 109.8035 123.4048 130.5947 121.9716 122.9388 140.0259 137.6677 129.5077 126.7709 126.188 134.3748 119.4629 123.7293 136.0662 137.722 151.4399 146.7111 142.6662 161.7119 177.6337 181.128 167.061 147.0182 142.9799 141.1716 155.7074 170.7536 185.5395 200.8911 219.2041 179.4819 172.8355 166.0352 182.0202 170.1721 162.9337 148.8175 129.8931 126.9054 116.9159 106.5138 104.0331 107.4068 107.4752 107.229 119.2353 110.3918 108.1365 98.72739 100.2713 108.6151 106.2281 105.3867 121.2713 138.1089 141.9175 141.8918 153.9711 163.1657
82.35905 93.63664 98.12785 110.7016 114.6998 112.5852 130.5685 153.599 151.5508 147.8135 144.8353 128.1111 124.4654 118.0985 114.7551 120.0633 141.1318 151.7352 161.2035 161.6922 165.5116 179.8208 201.5773 181.4297 147.6735 150.3895 151.3971 155.6072 175.6244 193.2434 219.6917 218.4148 197.685 170.0281 153.7467 157.4617 151.5665 150.544 153.7326 144.4665 127.0514 112.4489 111.1883 102.1112 97.11879 91.43255 96.5651 110.811 104.7234 97.5216 93.56085 95.95275 99.57878 98.22446 101.7092 110.1515 122.379 126.09 123.1035 128.3353 140.5666
81.01537 84.20468 95.4698 101.2276 103.4144 109.6525 118.1218 144.1813 147.7435 157.3876 144.5861 120.6419 120.289 124.3616 128.768 126.4876 137.2141 162.4995 151.4988 162.9614 169.0968 179.1331 200.1273 188.3661 159.6339 157.6366 152.1629 143.6183 160.5912 189.6718 224.6949 224.9367 198.5617 169.5851 149.8052 158.261 140.6012 136.2676 143.9561 137.4525 135.8125 120.4041 111.8695 96.99966 92.57189 89.10882 90.6041 102.076 105.5052 100.4259 96.31976 101.3385 99.87928 101.256 105.322 99.42363 104.4113 112.6254 115.2048 117.5364 124.8977
80.86288 84.87217 93.80821 96.46588 100.0865 101.7244 113.5342 131.0771 150.3517 143.0971 142.7686 128.9848 139.3486 138.1573 147.4954 153.995 141.6587 155.1579 159.3729 171.4327 182.3612 176.7334 186.1516 170.8811 152.9975 161.3959 148.1288 135.3223 165.1534 199.5057 238.362 229.0787 217.7773 184.5593 157.4004 157.8068 144.2724 139.3798 137.8336 141.9636 144.2229 129.918 110.4295 96.27839 91.99492 88.65755 91.54138 99.18037 111.6248 111.8763 105.9835 110.7059 112.455 110.2006 101.892 99.50262 106.9809 116.5864 118.9226 124.2655 117.6886
85.61326 87.94505 93.09184 94.99592 94.88272 93.94329 98.00476 123.3469 135.2457 137.0922 135.6952 132.341 134.0629 135.9748 150.1781 147.7697 161.955 170.5628 184.4845 181.5644 208.6636 201.2172 196.8634 187.5154 168.4969 160.7374 157.7706 150.7498 164.7749 202.9204 223.0394 235.7042 214.8954 176.2111 161.2223 157.733 164.6961 145.0729 135.4808 149.3565 130.4011 120.7424 109.6151 96.32799 88.74143 90.26144 92.9397 93.82417 103.6374 108.1114 104.7483 115.9702 119.4029 106.9722 98.01848 102.5775 115.6711 118.9828 123.415 125.0667 119.819
95.81673 97.43391 95.9937 97.85716 94.64964 91.67129 92.68578 114.7308 115.1128 119.8406 123.8866 116.5817 110.7522 121.3885 124.3197 129.5812 151.0166 176.416 187.7882 209.3927 223.2597 227.9206 224.531 203.9102 172.7813 160.1088 153.1118 162.6058 175.7677 212.773 207.6484 204.9093 182.0971 161.485 166.504 173.8829 176.0998 157.0921 153.0291 141.985 122.3911 106.0873 100.5199 93.17936 89.10834 89.28365 91.09994 88.89943 95.19513 99.28374 103.8497 112.8105 115.7315 99.37521 100.4307 111.8928 123.0516 122.7803 133.1039 134.132 125.9445
101.6347 98.56763 92.53137 90.75897 88.65928 90.60959 92.9752 102.674 112.9559 113.6971 122.2949 106.6616 106.0214 114.5326 113.9457 121.4656 133.3712 153.5222 153.6404 189.7591 206.0288 208.8298 224.624 184.7612 164.5863 164.5448 150.7505 162.9694 175.6496 199.3407 198.9933 174.0549 150.7539 158.0364 161.7477 176.6283 178.8752 176.2579 175.7819 148.2955 126.0736 107.4696 95.85012 97.10767 90.28811 89.74683 88.03374 86.26521 91.0503 94.8826 102.3145 105.1866 107.4296 103.1935 102.2293 112.0219 117.8639 120.2662 135.3104 135.6996 131.0488
103.8294 95.9474 90.14323 90.84572 91.70084 95.28174 91.14363 100.2978 118.8844 118.3303 120.2213 109.6229 116.0268 113.93 111.0223 122.5371 126.4484 137.9228 160.758 181.4124 174.5831 183.0189 200.4404 187.0577 164.2968 158.4023 168.298 175.8739 177.5571 179.2826 187.6718 170.2861 149.2486 153.0952 173.3913 192.0397 188.3918 188.0614 173.5751 145.079 137.6617 120.2864 105.1006 106.1418 97.78261 91.01323 91.83082 85.60918 88.37849 91.15058 93.85436 98.92886 106.4729 105.069 106.7203 111.9279 118.2165 130.6816 131.9795 133.0503 135.2205
106.479 98.08442 93.30155 87.65286 88.43909 94.21714 93.40965 102.9041 114.3771 116.4315 128.6447 128.0197 124.5893 116.861 108.3074 119.8367 133.0939 152.1964 159.9524 181.6656 187.3551 175.5958 187.101 172.2307 158.0794 161.5947 170.2168 168.6144 172.9159 158.5506 155.9049 144.4416 142.7365 147.0974 152.9089 171.0342 175.8469 165.483 157.2791 164.6777 162.02 132.2151 125.1423 120.5158 106.6451 98.74342 92.97169 90.74744 98.41319 99.26554 94.09148 103.2901 108.7046 107.9556 106.9516 117.0022 114.5912 117.91 134.1123 125.4467 124.2741
102.3416 98.50932 102.5065 95.37458 96.16573 102.1194 96.8804 99.20496 120.9495 127.3161 135.0666 134.429 136.1002 124.3259 118.0657 134.7972 150.3199 158.529 162.4349 176.4995 177.4793 171.1845 173.3145 174.4955 171.3544 171.6536 179.2547 170.8805 172.545 150.9191 136.558 126.0918 126.773 132.8119 131.4026 155.5956 144.3162 148.4402 158.0499 177.7368 172.9973 147.6243 133.8973 126.2577 114.4446 105.3532 96.7476 94.41254 101.8945 105.1728 99.3097 102.4494 109.1759 106.2604 108.6998 119.936 118.0537 118.1665 123.7077 120.1026 113.6818
97.18277 98.88034 99.5834 101.0275 103.8435 107.2366 107.1286 105.3792 118.1939 136.9951 145.4688 147.1374 151.0168 128.3186 125.3454 153.3227 151.3974 151.0816 157.9059 164.7534 175.3912 156.8629 161.9176 178.7079 176.5309 157.9267 162.162 155.4959 151.4037 141.2095 127.8456 121.8433 116.2614 126.3467 131.2278 144.6384 141.4382 151.3367 159.5152 169.7404 161.7445 157.782 142.9095 137.3183 135.5666 110.9142 101.9946 102.8909 107.9761 109.761 104.8839 105.6227 106.3698 101.9293 109.9761 118.1405 118.0874 114.0166 113.4706 109.5923 107.7927
98.31451 100.9939 95.17795 94.73843 99.07963 106.8044 111.5025 106.2611 112.4515 137.9361 159.8166 171.2781 159.2349 146.6306 129.4096 144.1592 156.3331 139.1282 145.5321 137.7756 149.715 160.7173 148.9086 164.0213 149.2038 138.8061 166.4078 165.6784 173.4139 156.8201 138.8944 137.9349 135.2222 139.1271 138.9015 157.8627 146.3323 145.9788 155.6264 151.084 153.6694 153.436 155.8546 145.0161 131.5212 108.3164 104.8401 98.80348 99.41631 103.9288 103.4072 103.6252 105.1612 100.8057 102.5244 105.9991 101.7374 99.80328 100.564 96.38168 95.45084
97.73526 91.33021 92.08215 91.47868 102.6723 103.8231 104.3878 116.2802 118.9336 147.0229 156.5977 170.7288 155.7489 136.0168 129.996 138.9825 127.1719 129.1021 129.3931 115.1938 121.9815 133.4374 135.5648 146.7594 146.6811 143.1562 161.5581 181.7927 191.2014 163.3286 151.4236 142.4622 149.0853 140.1837 145.2815 156.1564 142.1611 141.8899 144.2327 150.4754 142.132 146.7595 154.1201 141.9465 128.9036 119.2214 114.8191 102.1128 93.77365 101.4997 110.5133 105.3627 98.52278 97.24333 104.5242 100.8142 94.97029 94.42353 92.25987 91.54183 91.92635
90.72834 85.24367 84.05982 84.23473 94.40868 99.00031 100.3747 115.0286 118.2805 142.0353 164.6387 160.0992 149.6567 138.8048 125.3477 125.5251 114.1203 114.6465 110.6148 95.72984 101.5931 110.3237 116.478 139.1799 151.9925 157.3921 163.4813 173.1329 177.6721 168.0721 158.5046 150.5358 157.3181 148.7733 140.9787 147.8195 149.5619 139.8216 132.3356 132.8559 144.6449 162.4219 151.4454 145.0518 142.5999 140.7355 132.2596 104.2334 96.02241 99.81907 98.73207 97.35776 95.41411 96.87218 101.6574 99.7487 98.01492 94.55688 91.23978 88.39329 90.38902
84.62556 83.13837 82.05035 84.07726 87.45438 94.13022 99.35007 118.4132 131.0568 135.3129 158.413 157.5129 154.4778 137.36 122.684 113.7928 105.8608 108.0641 102.2383 93.11754 94.28721 104.4262 110.3208 134.0408 147.06 148.0915 161.9397 166.5637 177.6316 170.5996 173.069 160.553 157.1955 164.2188 145.4448 138.9289 133.1036 121.5098 124.2071 137.9423 143.97 160.9809 158.8772 160.6443 145.421 143.3613 131.8959 106.6573 95.84425 96.76979 97.26785 93.9405 95.63026 91.99758 93.45461 97.87348 102.8879 93.93055 90.28594 89.62344 89.62479
86.25148 82.91873 84.10365 83.90454 87.54025 92.79992 102.7594 124.2493 129.9782 134.9496 147.3127 150.869 143.9379 131.3022 116.2785 106.5034 100.4993 103.4646 99.14449 91.80834 92.57049 102.275 113.8757 125.0971 131.7715 135.7933 155.603 167.0708 171.0331 165.8316 157.0043 145.3536 144.9692 152.1682 142.3045 131.0588 118.6258 120.5024 125.0832 133.7897 141.9602 148.8038 155.7026 151.0806 144.4057 142.3826 131.6702 106.7154 92.38694 90.58818 97.50283 95.54275 95.4073 89.83559 85.30725 88.38173 95.19497 91.90388 86.44418 83.69987 84.99783
81.77605 87.35439 85.60642 87.06951 89.21603 90.59064 101.4806 117.385 112.5774 127.4627 129.4845 132.2128 130.5524 122.6888 106.6302 105.9042 102.7854 100.8016 97.50447 91.05953 94.01402 106.3425 111.9528 124.298 128.5845 134.3757 137.8101 166.2066 159.0423 156.3618 146.9675 138.1878 129.4429 137.7801 125.3673 105.1403 104.8177 119.5459 120.1705 124.4672 127.7152 138.7342 139.7232 154.5779 140.5833 133.8373 123.4317 108.6102 102.775 95.89758 99.19833 95.83263 93.93634 90.50269 85.87296 84.47381 84.76308 86.60245 82.42648 81.55822 81.35456
81.06322 87.5893 89.59504 90.76986 88.87232 92.1584 100.5096 110.9982 110.6726 114.8203 117.6784 116.9102 118.396 110.556 102.2206 99.02451 108.4669 105.1196 99.2706 94.21423 101.0045 109.2601 110.681 114.5308 118.6677 129.591 146.5728 164.8115 161.266 155.9154 151.8836 137.4055 115.2513 108.1247 110.3592 96.11465 96.52885 107.0884 121.2409 125.7819 119.2723 125.6498 127.2081 136.7517 127.5751 117.7637 121.1487 119.2557 111.2738 105.5227 100.9097 96.53893 90.41059 84.43698 80.76491 78.47243 80.03458 79.44907 78.48626 79.29444 77.98141
80.30747 86.27713 86.84218 92.73005 98.07056 95.68486 103.9618 115.6149 116.2509 112.5969 109.9186 114.3618 114.0935 99.45707 93.91378 95.24618 98.45688 99.77765 93.13118 100.479 111.1789 108.2518 112.0145 125.2742 131.5623 136.1696 160.8856 163.5152 159.8346 147.2034 128.381 119.0066 106.8125 98.66251 97.52302 92.37309 97.24894 110.043 112.2486 118.3012 111.2238 120.8527 130.765 130.5085 135.4551 121.9208 111.0893 115.7717 111.7451 98.95393 97.57443 91.1193 87.90474 85.56326 80.17285 79.50814 80.67683 77.91978 76.61207 76.54851 75.52943
81.70835 90.192 91.62485 101.9791 100.337 98.01801 103.4016 108.9225 127.9754 120.9741 109.0488 115.3035 114.504 99.63718 104.5777 98.90918 96.40524 96.73505 100.9187 105.761 111.3597 111.3074 120.3209 123.5095 134.2442 139.2988 149.9816 147.1523 151.491 143.6657 116.8701 106.2702 100.6701 95.95247 99.61818 95.75388 100.5627 108.0177 107.3609 105.5867 104.9955 107.3892 122.5387 127.7923 127.2297 115.4823 102.8786 103.4938 102.1529 93.17961 92.1585 90.54111 88.37802 89.74133 86.39008 83.58563 81.64883 77.94272 75.5088 75.62146 75.24731
82.20557 88.4799 88.36486 95.25313 93.58961 101.2378 101.0996 103.5023 125.7363 124.3996 119.01 123.6815 116.1187 116.0569 113.0576 106.5266 104.1182 98.36548 101.4144 104.9661 105.5023 113.522 113.4518 117.4993 119.2968 133.0763 145.0055 153.9716 144.0777 137.3717 120.6718 106.9687 102.5975 101.6457 97.85087 95.16574 96.08126 97.96035 102.9253 107.5403 111.4607 104.0096 112.9637 109.8991 109.6546 108.6014 98.41786 99.12301 98.67675 89.17785 88.26833 88.21913 85.53864 89.74017 93.30792 86.57291 80.62074 77.70596 75.69849 75.42827 75.39227
85.74628 88.15472 85.43993 88.91282 89.93845 94.66908 100.0348 105.222 124.0911 126.3458 138.3771 146.6101 124.8781 128.2119 114.0133 111.5395 104.6578 99.04096 95.30193 94.70041 95.10698 97.7173 109.6352 109.4906 121.7791 136.4536 152.2261 159.3061 140.257 131.796 117.6318 107.2339 100.7045 96.84311 93.19286 87.18187 89.19315 88.12493 94.33012 95.56608 106.8916 103.2308 98.07066 95.78934 99.75362 100.8645 91.24366 90.19975 95.29218 94.03928 94.95316 91.61149 87.43102 88.1522 90.39595 82.14062 80.78487 78.10836 75.91037 75.54412 76.05643
86.76678 88.88082 83.8845 86.74727 85.22567 88.57964 98.93909 110.0149 128.0455 140.0028 144.2658 137.2907 125.716 131.6677 117.1045 114.0321 108.756 100.8524 96.73108 96.12931 95.01523 94.28418 97.12479 110.2751 113.9598 125.642 140.8948 161.4568 150.2544 135.3142 118.1131 121.6051 112.04 102.115 92.51592 86.21494 82.77443 82.69086 85.36237 90.62038 93.12943 92.05067 91.6243 87.57692 84.97851 90.3765 91.28869 86.004 88.54976 96.08621 95.06761 89.326 87.47619 87.56079 90.12914 84.84579 80.03648 77.71114 76.59295 75.97707 75.75022
88.4879 83.35327 82.06258 81.15009 81.65705 82.02199 92.26113 103.2579 119.486 133.4587 131.7838 117.5624 113.3676 114.7627 103.909 112.3738 106.6683 105.6169 93.23443 91.36056 94.41348 95.63931 97.52718 100.6954 109.1404 115.1735 126.2127 148.3828 138.6081 116.349 109.2524 108.5122 112.8133 100.2935 96.37624 84.91235 80.76649 78.95622 82.24553 83.82302 88.56178 84.87769 83.75163 81.15124 79.65066 80.9719 86.0313 85.71516 85.9854 87.13599 86.67517 84.24174 84.36708 88.0349 89.17263 87.02296 81.14379 77.85303 77.38122 77.33197 76.19515
85.07124 83.8073 83.72711 80.07066 81.72201 82.27352 89.36259 99.52167 105.9091 109.069 112.7045 113.3296 113.9264 99.84767 96.87983 100.4144 96.64114 94.29086 88.56584 87.04735 87.794 93.784 90.81691 87.59834 92.17867 98.57265 105.3571 118.8 115.2226 107.8057 99.8104 98.16149 97.60941 92.9547 87.8828 86.93385 82.66216 79.41953 80.74426 80.59784 81.99161 80.65829 79.76803 81.29877 80.79733 80.31646 86.42805 85.84589 86.03948 82.72076 80.34141 81.78104 83.57825 84.38551 87.89035 87.31612 84.01678 79.43217 79.26812 77.47048 76.78276
83.43475 83.09672 81.13068 78.98229 83.06588 85.76447 88.08055 92.71091 101.2835 104.4532 106.2166 108.5638 106.9072 94.99734 89.74611 87.24635 87.09859 87.1332 88.34584 85.25275 82.3901 83.9216 84.01279 83.32622 88.29931 94.89603 95.28502 100.6516 101.058 97.7682 95.07645 89.11006 92.43388 90.20023 85.90675 85.62941 79.89057 76.96686 78.2114 79.38316 82.04648 79.76878 80.13044 83.67607 85.39101 88.38426 87.57323 84.81415 83.59806 81.60286 78.8607 79.31687 81.57137 84.80063 86.7248 91.54334 85.12836 81.8771 80.98621 77.80941 76.83064
79.72771 79.28511 80.53568 78.79665 81.14234 81.73293 82.04027 84.94805 85.0981 87.33773 95.62831 96.47833 101.5668 90.66093 91.313 87.69505 86.24764 89.21976 83.7177 79.95212 78.86739 80.04373 80.48167 81.90069 86.23909 86.79674 85.45607 89.98165 88.54296 84.12091 84.26469 82.73805 86.46107 84.68543 84.63051 84.5433 79.04909 78.84522 79.30508 80.08641 81.18011 80.35836 80.5161 81.60039 82.96555 87.61228 89.83074 86.82787 80.82681 80.42281 79.82957 78.00711 78.64574 81.28486 83.49618 83.10976 80.64658 79.85594 79.89985 78.06448 76.43345
79.60007 77.80821 77.53514 77.21137 76.90453 77.25394 76.64598 76.99165 77.82516 79.61366 84.58203 87.65165 92.05386 90.08606 86.80955 83.17854 81.86846 83.63973 81.07387 79.21532 77.19031 78.14226 78.71136 77.35155 81.27171 82.04999 82.10989 84.5953 83.7796 80.47891 81.96518 80.70129 82.73466 82.34184 84.31915 88.508 83.29616 81.59724 82.79172 81.10101 80.5253 77.94926 78.46751 79.64268 82.84908 90.30286 90.82108 84.63316 80.82862 78.86228 78.43292 77.74727 78.68742 79.08457 78.93881 77.88522 79.25339 80.46656 79.94077 78.23814 77.57446
