ABM/data/east_narnia.asc
ncols         256
nrows         256
xllcorner     -4
yllcorner     -1
cellsize      0.01953125
NODATA_value  -9999
[rows 56 to 83 of 256, columns 183 to 243 of 256]
76.52512 76.09216 75.87182 76.07114 75.75011 75.27677 75.53846 76.3511 77.25127 79.95635 81.00122 81.91158 83.07755 85.7254 81.47784 80.21011 79.34555 78.51314 78.96706 78.56258 78.05456 79.46387 78.55216 79.29575 80.54188 83.56244 87.84102 81.61146 79.9775 80.94847 81.12518 81.0006 82.3989 84.33283 89.60223 85.50657 82.1555 81.99763 80.48782 81.65968 81.00614 78.56654 76.76694 79.11501 80.90618 87.48634 95.53504 87.3992 80.32278 79.75558 78.42519 77.54427 77.46684 76.04805 75.34957 76.09055 78.5358 80.54522 80.84528 79.83048 78.72208
75.2943 75.35045 75.12031 75.35186 75.38156 75.22276 75.32399 77.13832 77.87682 77.68202 78.00884 77.39095 77.98835 78.29295 77.9915 78.28009 78.17204 77.13815 77.27262 78.07141 79.17639 82.03886 80.61825 80.7721 79.9411 83.25362 87.53763 85.21102 85.78117 87.21803 86.75707 82.45214 80.27231 83.12016 87.48264 83.63111 80.8464 79.78342 81.18896 82.85104 82.1241 79.46497 77.96978 79.69657 81.19657 87.38831 97.11717 91.53852 83.49195 80.56309 77.47118 75.64671 76.1204 75.43466 75.0379 75.32417 77.27499 78.44086 80.85428 79.28821 77.86206
75.09559 75.0043 74.99258 75.00545 75.1511 75.50404 75.60075 76.14407 78.10038 76.97013 77.44931 76.22331 76.48255 76.22163 76.14772 76.57498 76.35973 77.49802 77.09836 80.4836 84.02303 84.56948 86.05859 82.85838 81.29996 83.99622 84.86639 88.39116 89.04634 89.30399 86.47096 84.54221 83.38731 83.20444 84.43848 82.6521 81.24067 78.96169 81.47473 84.43407 82.07382 80.88984 79.6048 82.43375 84.41941 85.6904 87.17088 86.67709 81.94688 78.43972 76.91821 75.82697 76.22509 75.41523 75.09711 75.32795 76.06539 77.32127 76.81252 78.19263 77.184
75.2318 75.02863 75.01576 75.02076 75.0006 75.13627 75.48431 75.50924 75.98289 76.27766 76.30958 76.36082 76.01302 75.95161 75.33727 76.11534 76.91041 79.49508 81.4344 84.6287 83.25098 84.53012 86.86599 82.60271 82.82756 82.13873 82.2472 85.56143 84.42757 83.97503 81.68781 82.61347 83.44047 84.55614 86.57864 83.50478 83.17763 83.1361 84.19047 85.56972 85.50589 84.32487 82.70152 82.67957 87.57972 86.22675 82.80424 80.46974 78.59933 76.86066 76.87919 76.60621 76.16864 75.11166 74.99618 75.03127 75.34894 75.62103 76.41743 77.77015 77.13313
75.22512 75.07346 74.99197 74.99391 74.99179 75.13804 75.1618 75.13716 75.58447 76.31239 76.13013 75.82152 75.5714 75.8121 75.42329 75.71068 77.21764 80.49625 84.47549 83.37522 81.64281 80.7195 81.03828 84.10999 82.47649 80.50572 80.21113 82.43842 84.74067 81.62863 81.26173 83.77399 83.26939 86.90557 86.85098 84.13687 85.4072 86.95736 87.29955 93.5946 90.95779 86.63674 88.08106 88.83453 89.63107 86.30791 78.03407 78.13113 77.70849 76.74826 78.10622 77.17002 76.09055 75.25468 74.99495 75.04076 75.38776 75.81879 76.61998 77.69311 77.56293
75.03224 75.01283 74.99389 74.9918 74.99355 75.11786 75.14299 75.03274 75.0554 75.37521 75.7923 75.61557 76.20026 76.61649 76.21287 76.42138 76.85541 78.45959 80.43489 79.37016 80.01348 80.21624 81.79426 83.93242 84.0557 81.43836 79.29435 82.37971 84.40353 81.91313 79.65877 82.14212 84.88368 89.4866 87.39159 84.49384 87.77318 95.21853 97.57833 103.8883 100.236 93.87415 94.41346 92.73761 86.31004 80.67842 77.6136 76.75289 77.42043 78.30504 78.65986 77.42648 75.77403 75.19227 74.9989 75.0333 75.39452 76.20339 77.84308 78.73857 78.4183
75.01025 75.01492 74.99281 74.99174 74.99181 75.02548 75.06977 75.36481 75.30875 76.30626 76.04185 75.53659 75.67712 76.70199 76.38945 75.90202 77.03427 77.01809 77.87703 80.24729 80.01002 78.42648 79.2991 79.32294 82.84703 80.26719 78.94741 82.88139 84.3448 83.65135 80.97604 81.70519 84.95453 89.04552 87.37852 85.2042 88.21739 93.15536 97.85867 107.8029 102.8207 100.9986 102.9382 95.50726 86.91668 79.75753 77.09421 76.04032 76.74557 76.91491 76.53687 76.50869 76.0065 75.10625 75.00126 75.02057 75.37666 76.18384 77.30334 77.33246 75.87379
75.71158 75.18739 74.99559 74.99317 74.99115 75.02283 75.005 75.02186 75.12026 75.56745 75.68953 75.23349 75.52852 75.8733 75.27692 75.03612 75.41406 75.81536 76.59689 79.20639 81.61649 80.27974 81.49934 79.21458 79.99406 77.82712 77.90374 79.22804 79.96652 81.71741 80.71294 81.44423 83.32226 83.27286 82.54491 81.86137 84.80263 88.18207 91.11295 98.13326 100.6414 106.5057 107.6765 97.36823 87.87759 81.48891 79.43159 76.40333 76.56128 76.03078 75.39636 76.2844 76.21361 75.21165 75.1425 75.09058 75.25957 75.54529 75.50859 75.31113 75.09927
75.95087 75.63701 75.10014 75.03398 75.00916 75.1027 75.02306 75.01878 75.31374 75.1559 75.18007 75.21048 75.12585 75.22141 75.12856 75.00917 75.11946 75.84175 77.86578 77.18285 78.27936 81.09654 78.73216 78.05026 78.55956 78.81239 78.62479 79.68869 80.37244 78.76653 78.80031 78.5937 81.04843 81.86224 82.58129 80.7627 83.69119 88.45975 88.45488 87.5133 90.14224 101.4478 99.96619 94.15871 85.07558 80.56483 78.75962 76.97936 76.00207 75.75716 75.39601 76.28016 76.70396 75.4526 75.2801 75.10282 75.07135 75.67435 75.7755 75.08811 74.99481
76.24305 75.77002 75.4874 75.06764 75.00734 75.1323 75.15131 75.0228 75.07117 75.0851 75.19398 75.11032 74.99497 74.99117 75.01434 75.02108 75.43512 76.57259 77.25031 76.34856 76.68813 77.74396 77.95193 79.03969 79.73211 80.92164 81.99393 81.63455 79.33114 79.31206 79.86266 83.51916 82.35223 85.18177 87.34429 85.86777 82.28452 83.91388 87.03194 87.69685 84.69669 85.10436 87.71283 86.23859 80.78116 78.4622 78.00184 76.3762 76.8143 76.70066 76.3724 77.56525 78.38136 76.64009 75.36655 75.03395 74.99614 75.07318 75.25999 75.06356 74.99179
75.64893 75.96419 75.91554 75.74002 75.56195 75.37591 75.34785 75.11316 75.06824 75.23416 75.5121 75.04153 74.99187 74.9918 74.99181 75.05789 76.27256 75.79872 75.84164 76.5163 77.40029 76.62926 77.10823 79.27433 83.60368 83.36449 86.5293 84.22064 83.1043 82.87622 82.09293 85.43057 89.09085 91.19502 87.12071 86.36916 87.74198 82.08241 81.26301 83.25053 83.06103 81.98201 84.90903 84.40038 79.89078 78.75104 76.60922 76.77309 76.74049 76.9807 77.2284 77.65413 76.84676 76.58559 75.72884 75.01934 74.99192 75.06544 75.29723 75.12524 75.04694
75.96909 76.87399 76.10875 75.48624 77.13943 76.86932 76.25523 75.3513 75.04498 75.13308 75.06931 74.99262 74.99176 74.99233 74.9937 75.16296 75.14146 75.09875 75.1293 75.96522 76.91071 77.50319 80.09322 83.38813 83.98178 84.01733 81.82579 83.14014 85.15372 83.21304 81.74619 88.28349 90.93196 90.09451 86.10973 85.85678 85.06947 81.7736 79.6354 78.58653 81.66336 79.87373 80.04442 80.7145 77.79844 76.09728 75.93177 75.87421 75.99619 76.57999 76.68835 75.83357 76.22612 76.20523 75.69777 75.08536 74.99181 75.00722 74.99719 74.99414 75.06452
76.7555 76.28688 76.54672 76.44802 77.30368 79.41574 77.22144 76.5631 75.26333 75.00496 74.99746 74.99807 74.99519 74.99734 74.9918 74.99253 75.00023 75.00423 75.12339 75.36893 76.28114 78.08427 81.30487 86.62677 88.10563 82.00233 82.09912 81.16604 82.09505 82.83076 83.9402 84.65134 85.86053 88.87188 87.58555 84.78274 81.00819 80.48669 77.83939 77.35584 77.82504 81.15331 82.18079 78.79771 76.54468 75.67691 75.23161 75.29765 75.77199 75.68763 76.1404 75.65218 75.52929 76.16948 75.64948 75.05013 74.99695 75.02188 75.0636 75.01071 74.995
76.19825 75.47334 75.6529 76.3136 76.52514 78.45048 78.89309 78.59138 76.19569 75.06584 74.98803 74.9889 74.97251 74.96504 74.99191 74.99323 74.9918 74.99405 75.08915 75.53414 77.35065 79.99458 80.71579 84.38583 83.3255 80.1702 77.95123 77.88571 78.49285 78.29052 79.39811 80.67667 79.38737 79.12043 79.11338 79.53785 77.245 76.78216 77.87914 76.61676 77.09253 76.82061 77.14713 76.15075 75.96854 75.63287 75.14285 75.15179 75.23357 75.74663 75.53077 75.98492 75.20443 75.22099 75.20443 75.02106 75.01862 75.09315 75.28454 75.34406 75.01115
75.77331 75.83823 76.42958 76.93185 77.55548 77.27055 78.52374 77.3778 75.54481 75.14469 74.97864 74.57764 74.36238 74.65881 74.90427 74.974 74.9634 74.99847 75.15678 76.44621 78.20918 80.2635 80.8025 82.54193 78.88419 78.26404 77.1891 76.98549 76.30759 77.55887 78.06722 78.65639 77.09644 76.62052 77.99124 77.76866 76.43734 75.3982 75.19223 75.53834 75.60004 75.57889 75.65688 75.55076 75.24535 75.16689 75.11843 74.99589 75.02068 75.15187 75.50811 75.42987 75.53957 75.488 75.20103 75.05251 74.99182 75.10498 75.57316 75.4872 75.45756
75.16978 75.66453 76.64608 77.64872 79.79359 80.53825 79.52316 76.38742 75.19892 75.00859 74.98341 74.58537 74.83744 74.8238 74.9426 74.95124 74.94842 74.994 75.28259 76.05035 78.95288 78.93684 81.42427 81.6199 79.23179 79.39452 76.01419 75.65035 75.92934 76.80902 75.4501 75.61547 76.70038 76.93361 76.33144 76.74817 75.92888 75.16038 74.99457 75.02921 75.14584 75.01599 74.99179 75.04496 75.00836 75.08872 75.00967 74.99179 74.99102 75.00829 75.31466 75.77519 76.28802 76.16246 75.29004 75.03395 74.99229 75.09439 75.37047 75.71269 75.22343
75.49696 78.51991 78.5908 78.25005 80.97554 81.38501 77.4416 75.77177 75.19267 74.99328 74.97852 74.91534 74.68765 74.6725 74.78452 74.91857 74.74451 74.99179 75.13595 75.1608 76.00394 76.41466 78.97051 77.67362 77.80852 76.36496 75.49008 75.43227 75.59273 75.66884 75.07178 75.18491 75.36839 76.25461 76.6815 75.78203 75.28979 75.03422 74.99179 74.99939 75.00801 74.9918 74.98581 74.99242 74.99245 74.9954 75.01822 74.99049 74.99148 75.00507 75.07129 75.38183 75.74319 75.296 75.04691 74.99332 74.99193 75.03942 75.48035 75.69284 75.49507
76.61591 79.30684 82.45372 79.24542 77.86745 77.38838 75.77345 75.20844 75.08733 74.99179 74.87273 74.7112 74.79698 74.46462 73.91409 74.22585 74.77621 74.98133 74.99348 74.9922 75.01891 75.10211 75.48613 76.74044 76.29816 75.12078 75.12064 75.20351 75.00043 74.99316 74.99358 74.99684 75.02665 75.37586 75.41293 75.06486 75.0313 74.98814 74.9728 74.99992 75.11835 74.99702 74.98677 74.98151 74.99179 74.99229 74.99183 74.95646 74.99179 74.99567 75.00228 75.00234 75.00505 74.99194 75.02583 75.15823 75.09295 75.24865 75.38845 75.27974 75.51128
79.7022 83.09594 81.76819 79.2722 78.00316 75.46315 75.15115 75.04169 74.99204 74.99016 74.87586 74.80113 74.64011 74.54996 74.452 74.45146 74.78665 74.92593 74.99179 74.9748 74.92023 74.99147 74.9924 75.10368 75.08567 74.99163 74.98498 74.98552 74.93188 74.95656 74.93226 74.98071 74.99339 74.99599 74.99346 74.99179 74.95938 74.98996 74.98978 74.99179 75.00161 74.98981 74.76982 74.93581 74.69217 74.92159 74.98357 74.84622 74.97972 74.99174 74.99174 74.99031 74.92483 74.98973 75.0162 75.04337 75.12435 75.19462 75.50012 75.56824 75.18521
80.30191 80.65596 82.52931 77.57182 76.64756 75.32382 75.10342 75.03595 75.02201 74.99146 74.9022 74.94704 74.93271 74.90724 74.96012 74.95586 74.95477 74.97842 74.99171 74.9083 74.9866 74.98182 74.97049 74.99161 74.99039 74.90646 74.96529 74.87669 74.75012 74.84772 74.62953 74.91612 74.97053 74.97849 74.99093 74.95535 74.79121 74.83991 74.89933 74.89808 74.9918 74.98637 74.53816 74.30366 74.20145 74.66998 74.91958 74.92603 74.97545 74.98562 74.9717 74.78466 74.05647 74.64799 74.98061 74.99099 75.06004 75.08162 75.11089 75.01905 75.04519
84.08049 83.07685 84.5488 80.39941 78.54057 75.48498 75.09418 74.99577 75.00012 74.98621 74.95068 74.99145 74.93745 74.94238 74.82132 74.89365 74.92654 74.97927 74.99137 74.91254 74.94891 74.98393 74.90038 74.54912 74.75794 74.65538 74.89366 74.83867 74.89948 74.65611 74.50345 74.73016 74.96613 74.96182 74.86312 74.94373 74.87743 74.60225 74.14567 74.54754 74.84464 74.72384 73.65956 73.05048 73.9475 74.42207 74.83058 74.80355 74.56518 74.9194 74.83038 73.94794 74.39334 74.38464 74.83228 74.9914 75.03095 75.05449 75.00751 74.9936 74.99728
81.62206 84.30386 81.57116 82.02753 80.7673 76.06959 75.2602 74.99366 74.98631 74.95824 74.74693 74.95132 74.67398 74.1553 74.69404 74.83878 74.85983 74.8438 74.87689 74.71112 74.21376 74.87232 74.81518 74.66766 74.75243 74.39461 74.78288 74.89891 74.95908 74.73402 74.63578 74.93601 74.99011 74.93418 74.92568 74.88144 74.7534 73.98046 74.29485 74.39642 73.11337 73.18517 71.7813 71.40353 72.79595 72.44012 74.01033 74.53715 73.88316 73.46429 74.58795 74.15503 74.51847 74.87636 74.83556 74.99181 75.01962 74.99136 74.99178 74.99105 74.99162
82.09773 80.3932 81.47688 80.8546 79.62274 76.20113 75.1274 74.98527 74.96255 74.98736 74.91222 74.65605 73.61565 73.12263 73.71462 74.39941 74.15744 74.59764 74.85418 74.47345 73.63225 74.36683 74.56531 74.24072 74.71991 74.76002 74.61882 74.95169 74.94227 74.86871 74.9158 74.8894 74.99168 74.98419 74.97297 74.94829 73.95485 74.14241 73.78913 72.77705 72.20345 70.97974 67.92663 69.46873 70.76597 72.94663 73.55257 73.7059 73.0868 72.11511 72.76482 73.77304 74.6974 74.91306 74.92416 74.99144 74.99188 74.99178 74.99255 74.99091 74.99236
79.4201 78.44056 79.41096 79.08747 77.54953 75.31241 75.0275 74.96181 74.85549 74.95205 74.9003 74.06345 73.41115 73.62459 72.89938 73.6068 73.03766 74.15162 74.15743 74.00204 73.95575 74.80858 74.8964 74.77399 74.51028 74.48443 74.34418 74.91543 74.90908 74.81302 74.95544 74.98698 74.99302 74.98899 74.96561 74.63844 74.42306 74.51889 74.47819 73.8313 72.67149 67.50125 65.61725 68.38515 70.44981 72.56132 72.87163 72.92384 73.70636 70.81386 72.47621 73.20591 74.33948 74.83217 74.97197 74.99291 74.99104 74.99179 74.99181 74.99111 74.99179
80.4176 81.49453 80.53526 77.78905 75.84277 75.01255 74.98935 74.84157 74.71175 74.67447 74.81599 73.75655 73.672 72.39648 72.22577 72.91049 71.29291 72.56883 74.11615 74.26522 74.12344 74.57919 74.91924 74.73227 74.45132 74.0379 74.23073 74.56253 74.5792 74.49635 74.73517 74.89845 74.98726 74.98463 74.90462 74.82618 74.20127 74.5273 74.63502 74.36065 73.81143 69.35297 65.94269 67.93003 69.88141 71.27271 71.23351 72.23722 71.43065 71.2617 71.47062 72.16328 73.66827 74.75881 74.78557 74.95706 74.95217 74.90792 74.99168 74.99193 74.99178
79.51795 80.74628 78.42675 76.59602 75.98871 75.05629 74.97565 74.74024 74.37083 74.53474 74.42247 71.62791 70.24545 67.2849 66.85499 70.18303 72.93237 73.74539 73.04553 73.45168 74.22359 74.72465 74.79716 74.0743 72.94234 71.68095 71.38702 71.20069 74.19615 74.7468 74.6642 74.75288 74.81379 74.59626 74.59312 74.33141 73.97248 73.63745 73.21346 73.38168 73.67075 70.30106 69.20155 67.55856 70.73781 71.56313 72.01589 72.87035 70.91541 70.78833 72.8933 72.1648 70.95438 73.09734 74.62362 74.83087 74.75368 74.94269 74.87381 74.64867 74.91222
79.91799 79.74767 77.89133 76.77609 75.96703 75.13876 74.99069 74.69395 74.16807 73.91838 74.21275 71.51151 67.02995 63.1511 64.58504 67.05051 71.85258 71.57565 70.5972 72.95003 74.1871 74.3773 74.52637 74.40602 73.18311 70.15916 68.18157 71.169 73.7786 73.15031 74.07131 74.47482 73.87432 73.44823 73.40268 74.14521 72.66312 71.81844 73.217 73.69334 73.36613 71.78531 70.24741 70.94994 70.43164 73.03526 71.98777 72.06899 69.62344 68.07876 68.60268 69.30756 68.87149 70.62321 72.78927 74.34003 74.63435 74.47388 74.59544 73.68159 74.40486
77.2067 76.36405 77.14233 76.50635 75.75694 75.29595 75.00838 74.92343 74.63004 73.6776 71.18423 67.10488 66.36223 59.83381 60.76392 65.17062 66.31855 67.41996 71.05828 71.67507 73.21638 72.5432 73.61983 72.54681 72.01707 67.20438 66.6386 70.87981 72.50343 72.20469 72.9637 72.95618 73.21101 72.07756 70.85384 71.61706 72.38391 72.10994 71.99852 71.34061 72.75237 70.0714 69.25119 70.7633 69.78555 72.16185 71.83638 70.23892 68.07297 67.7803 66.46291 65.44019 66.51003 70.25578 73.0932 74.21162 73.97932 74.08538 74.49997 74.29574 74.60633
