ABM/data/resources.asc
ncols         256
nrows         256
xllcorner     -4
yllcorner     -1
cellsize      0.01953125
NODATA_value  -9999
[rows 168 to 195 of 256, columns 189 to 251 of 256]
-9999 -9999 -9999 -9999 -9999 -9999 -9999 -9999 -9999 -9999 -9999 -9999 -9999 -9999 0.07027873 0.07000029 0.06954794 0.06890878 0.06807496 0.06704368 0.06581706 0.0644018 0.06280867 0.06105193 0.05914862 0.05711788 0.05498026 0.05275704 0.0504696 0.04813892 0.04578513 0.04342709 0.04108217 0.03876603 0.03649253 0.03427365 0.03211949 0.03003836 0.02803687 0.02612 0.02429129 0.02255294 0.020906 0.01935049 0.01788556 0.01650964 0.01522052 0.01401554 0.01289163 0.01184545 0.01087345 0.009971944 0.009137191 0.008365425 0.007652911 0.006995975 0.006391036 0.005834627 0.005323414 0.004854205 0.00442396 0.004029797 0.003668995
-9999 -9999 -9999 -9999 -9999 -9999 -9999 -9999 -9999 -9999 -9999 -9999 -9999 -9999 0.07671262 0.07657997 0.07621995 0.07562163 0.07477964 0.07369424 0.07237111 0.07082094 0.06905883 0.06710362 0.06497706 0.062703 0.06030659 0.0578135 0.05524926 0.0526386 0.05000501 0.04737032 0.04475443 0.04217509 0.03964784 0.03718599 0.0348006 0.03250064 0.03029309 0.02818309 0.0261741 0.02426815 0.02246591 0.02076698 0.01916998 0.01767277 0.01627254 0.01496599 0.01374944 0.01261891 0.01157025 0.01059919 0.009701412 0.008872616 0.008108558 0.007405089 0.006758186 0.006163966 0.005618714 0.005118885 0.004661115 0.004242227 0.003859226
-9999 -9999 -9999 -9999 -9999 -9999 -9999 -9999 -9999 -9999 -9999 -9999 -9999 -9999 -9999 0.08387376 0.08359979 0.08303234 0.08216826 0.08101079 0.07956933 0.07785889 0.07589938 0.07371477 0.07133213 0.06878064 0.06609067 0.06329288 0.06041742 0.05749323 0.05454754 0.05160543 0.04868951 0.0458198 0.04301362 0.04028559 0.03764774 0.03510964 0.03267857 0.03035972 0.02815641 0.0260703 0.02410163 0.02224942 0.02051166 0.01888551 0.01736746 0.01595349 0.01463918 0.01341986 0.01229068 0.0112467 0.010283 0.009394667 0.008576905 0.007825046 0.007134578 0.006501175 0.005920707 0.005389251 0.004903095 0.004458745 0.004052917
-9999 -9999 -9999 -9999 -9999 -9999 -9999 -9999 -9999 -9999 -9999 -9999 -9999 -9999 -9999 0.09193216 0.09173881 0.09119213 0.09029098 0.08904164 0.08745748 0.0855583 0.08336942 0.08092064 0.0782451 0.0753781 0.07235592 0.06921487 0.0659903 0.06271587 0.05942294 0.05614012 0.05289298 0.0497039 0.04659203 0.04357335 0.04066078 0.03786443 0.03519177 0.03264792 0.03023589 0.02795688 0.02581052 0.02379513 0.02190793 0.02014526 0.01850278 0.01697564 0.01555859 0.01424617 0.01303274 0.01191266 0.01088027 0.009930036 0.009056545 0.00825456 0.007519048 0.006845199 0.00622844 0.005664442 0.005149125 0.004678654 0.004249442
-9999 -9999 -9999 -9999 -9999 -9999 -9999 -9999 -9999 -9999 -9999 -9999 -9999 -9999 -9999 0.1008058 0.1006887 0.1001526 0.09919831 0.09783523 0.09608114 0.09396124 0.09150706 0.08875512 0.08574552 0.08252056 0.07912333 0.07559653 0.07198137 0.06831676 0.06463858 0.0609793 0.05736763 0.05382844 0.05038274 0.04704781 0.04383743 0.04076209 0.03782933 0.03504403 0.03240875 0.02992405 0.02758878 0.02540041 0.02335522 0.02144862 0.0196753 0.01802944 0.01650489 0.01509526 0.01379408 0.01259487 0.01149123 0.01047691 0.009545835 0.008692148 0.007910257 0.007194833 0.006540831 0.00594349 0.005398336 0.004901181 0.004448111
-9999 -9999 -9999 -9999 -9999 -9999 -9999 -9999 -9999 -9999 -9999 -9999 -9999 -9999 -9999 0.1105453 0.1105011 0.1099654 0.1089405 0.1074394 -9999 -9999 -9999 0.09724972 0.09386011 0.09023008 0.08641052 0.08245134 0.0784004 0.07430236 0.07019813 0.06612428 0.06211286 0.05819127 0.0543824 0.05070477 0.04717285 0.04379739 0.0405858 0.03754255 0.03466953 0.03196648 0.02943129 0.02706038 0.02484896 0.02279131 0.02088103 0.01911123 0.01747469 0.01596404 0.01457187 0.01329079 0.01211359 0.01103322 0.01004291 0.009136131 0.0083067 0.007548731 0.006856677 0.00622532 0.005649772 0.005125471 0.004648166
-9999 -9999 -9999 -9999 -9999 -9999 -9999 -9999 -9999 -9999 -9999 -9999 -9999 -9999 -9999 -9999 -9999 -9999 -9999 -9999 -9999 -9999 -9999 0.1064325 0.1026116 0.09852439 0.09423046 0.08978806 0.08525235 0.08067447 0.07610069 0.07157201 0.06712392 0.06278641 0.05858415 0.05453678 0.05065929 0.04696248 0.04345341 0.0401359 0.03701096 0.03407726 0.03133154 0.02876896 0.02638348 0.02416812 0.0221152 0.02021663 0.01846404 0.01684894 0.01536288 0.01399751 0.01274471 0.01159661 0.01054565 0.009584631 0.008706701 0.0079054 0.00717465 0.006508754 0.005902389 0.005350601 0.004848786
-9999 -9999 -9999 -9999 -9999 -9999 -9999 -9999 -9999 -9999 -9999 -9999 -9999 -9999 -9999 -9999 -9999 -9999 -9999 -9999 -9999 -9999 -9999 0.1163263 0.1120174 0.1074154 0.1025902 0.09760933 0.09253624 0.08742904 0.08233982 0.07731422 0.07239123 0.06760339 -9999 0.05853271 0.0542857 0.05024657 0.04642178 0.04281422 0.03942374 0.03624772 0.03328149 0.03051877 0.02795205 0.02557288 0.02337222 0.0213406 0.01946837 0.01774584 0.01616343 0.01471173 0.01338167 0.01216446 0.01105175 0.01003558 0.009108424 0.008263214 0.007493312 0.006792518 0.006155059 0.005575574 0.005049094
-9999 -9999 -9999 -9999 -9999 -9999 -9999 -9999 -9999 -9999 -9999 -9999 -9999 -9999 -9999 -9999 -9999 -9999 -9999 -9999 -9999 -9999 -9999 0.1269475 0.1220874 0.1169074 0.111489 0.1059102 0.1002437 0.09455496 0.08890242 0.08333644 0.07789953 0.07262664 0.06754551 0.06267735 0.0580374 0.0536357 0.04947776 0.04556522 0.0418965 0.03846739 0.03527157 0.03230107 0.02954672 0.02699846 0.02464565 0.02247736 0.02048252 0.01865014 0.01696941 0.01542981 0.01402121 0.0127339 0.01155865 0.01048672 0.00950988 0.008620417 0.007811111 0.007075246 0.006406581 0.005799332 0.005248156
-9999 -9999 -9999 -9999 -9999 -9999 -9999 -9999 -9999 -9999 -9999 -9999 -9999 -9999 -9999 -9999 -9999 -9999 -9999 -9999 -9999 -9999 -9999 0.1383034 0.1328225 0.1269953 0.1209167 0.1146766 0.1083573 0.1020327 0.09576757 0.08961706 0.08362709 0.07783473 0.07226884 0.06695089 0.06189572 0.05711242 0.05260517 0.04837403 0.04441564 0.0407239 0.03729057 0.03410577 0.03115844 0.02843671 0.02592824 0.02362044 0.02150074 0.01955673 0.0177763 0.01614773 0.0146598 0.0133018 0.0120636 0.01093563 0.00990894 0.008975133 0.008126403 0.007355493 0.006655682 0.006020759 0.005444997
-9999 -9999 -9999 -9999 -9999 -9999 -9999 -9999 -9999 -9999 -9999 -9999 -9999 -9999 -9999 -9999 -9999 -9999 -9999 -9999 -9999 -9999 -9999 -9999 -9999 0.1376621 0.1308516 0.1238829 0.1168491 -9999 -9999 -9999 -9999 -9999 -9999 0.07132869 0.06583778 0.06065565 0.05578475 0.05122313 0.0469653 0.04300297 0.03932568 0.03592141 0.03277699 0.02987857 0.02721192 0.02476271 0.02251672 0.02046005 0.01857919 0.01686119 0.01529365 0.01386483 0.01256367 0.01137975 0.01030335 0.009325389 0.008437456 0.007631742 0.006901037 0.006238695 0.005638598
-9999 -9999 -9999 -9999 -9999 -9999 -9999 -9999 -9999 -9999 -9999 -9999 -9999 -9999 -9999 -9999 -9999 -9999 -9999 -9999 -9999 -9999 -9999 -9999 -9999 0.1488762 0.1412576 0.1334903 -9999 -9999 -9999 -9999 -9999 -9999 -9999 -9999 0.06983626 0.06424057 0.05899404 0.05409231 0.04952738 0.04528843 0.04136252 0.03773522 0.03439106 0.03131404 0.02848789 0.02589641 0.02352365 0.0213541 0.01937284 0.01756557 0.01591872 0.01441947 0.01305578 0.01181637 0.01069074 0.009669123 0.008742469 0.007902421 0.007141274 0.006451942 0.005827914
-9999 -9999 -9999 -9999 -9999 -9999 -9999 -9999 -9999 -9999 -9999 -9999 -9999 -9999 -9999 -9999 -9999 -9999 -9999 -9999 -9999 -9999 -9999 -9999 -9999 0.1605889 0.1520824 0.1434447 -9999 -9999 -9999 -9999 -9999 -9999 -9999 -9999 0.07385939 0.06783857 0.06220743 0.05695874 0.05208159 0.04756232 0.04338522 0.03953321 0.03598835 0.03273231 0.02974667 0.02701323 0.02451424 0.02223254 0.02015169 0.01825603 0.01653078 0.01496202 0.01353671 0.0122427 0.01106869 0.01000421 0.009039595 0.00816592 0.00737499 0.006659276 0.006011881
-9999 -9999 -9999 -9999 -9999 -9999 -9999 -9999 -9999 -9999 -9999 -9999 -9999 -9999 -9999 -9999 -9999 -9999 -9999 -9999 -9999 -9999 -9999 0.190762 0.1819552 0.1727303 0.1632539 0.153674 0.144119 -9999 -9999 0.1165887 0.1080275 0.09985309 -9999 0.08476274 0.07787096 0.07141744 0.06539635 0.05979715 0.05460566 0.04980503 0.04537656 0.0413003 0.03755568 0.03412187 0.0309782 0.02810442 0.02548089 0.02308873 0.02090996 0.01892756 0.01712548 0.01548869 0.01400317 0.01265587 0.0114347 0.01032849 0.009326952 0.008420606 0.007600765 0.006859466 0.006189427
-9999 -9999 -9999 -9999 -9999 -9999 -9999 -9999 -9999 -9999 -9999 -9999 -9999 -9999 -9999 -9999 -9999 -9999 -9999 -9999 -9999 -9999 -9999 0.2053934 0.1955077 0.1852064 0.1746779 0.1640863 0.1535709 -9999 -9999 0.1235234 0.1142498 0.1054246 -9999 0.08920637 0.08183065 0.07494158 0.06852948 0.06258006 0.05707552 0.05199556 0.04731822 0.04302054 0.03907914 0.03547063 0.03217201 0.02916087 0.02641567 0.0239158 0.02164172 0.01957499 0.01769834 0.01599562 0.0144518 0.01305297 0.01178626 0.01063979 0.009602653 0.008664842 0.007817181 0.007051281 0.006359485
-9999 -9999 -9999 -9999 -9999 -9999 -9999 -9999 -9999 -9999 -9999 -9999 -9999 -9999 -9999 -9999 -9999 -9999 -9999 -9999 -9999 -9999 0.2308831 0.2204439 0.2093681 0.1978951 0.1862352 0.1745677 0.1630416 -9999 -9999 -9999 -9999 -9999 0.1019566 0.09355315 0.08569445 0.07837244 0.07157317 0.06527817 0.0594657 0.05411178 0.04919101 0.04467729 0.04054434 0.03676614 0.0333173 0.03017328 0.02731056 0.02470682 0.02234096 0.02019315 0.01824489 0.01647893 0.01487927 0.01343112 0.01212086 0.01093593 0.009864828 0.00889701 0.008022836 0.007233509 0.006521005
-9999 -9999 -9999 -9999 -9999 -9999 -9999 -9999 -9999 -9999 -9999 -9999 -9999 -9999 -9999 -9999 -9999 -9999 -9999 -9999 -9999 -9999 0.2475101 0.2357587 0.2233792 0.2106421 0.1977787 0.1849812 0.1724053 0.1601739 -9999 -9999 -9999 -9999 0.1066834 0.09774905 0.08941532 0.08166922 0.07449204 0.06786083 0.06174971 0.05613081 0.0509752 0.04625354 0.04193662 0.03799577 0.03440321 0.03113225 0.02815748 0.02545483 0.02300168 0.02077688 0.01876069 0.01693479 0.01528227 0.01378748 0.01243606 0.01121481 0.01011165 0.009115533 0.008216372 0.007404973 0.00667297
-9999 -9999 -9999 -9999 -9999 -9999 -9999 -9999 -9999 -9999 -9999 -9999 -9999 -9999 -9999 -9999 -9999 -9999 -9999 -9999 -9999 -9999 0.2643396 0.2511362 0.2373422 0.223258 0.2091323 0.1951659 0.1815173 0.168308 -9999 0.1435431 0.1320939 0.1213054 0.1111872 0.1017372 0.09294416 0.08478957 0.07724964 0.07029673 0.06390062 0.05802952 0.05265092 -9999 0.04324134 0.03914696 0.03541896 0.03202856 0.02894848 0.026153 0.02361805 0.02132114 0.0192414 0.0173595 0.0156576 0.01411928 0.01272948 0.01147438 0.01034136 0.009318897 0.008396477 0.007564545 0.006814405
-9999 -9999 -9999 -9999 -9999 -9999 -9999 -9999 -9999 -9999 -9999 -9999 0.309171 0.319359 0.3270968 -9999 -9999 -9999 -9999 -9999 -9999 -9999 -9999 -9999 0.2510123 0.2355159 0.2200903 0.2049382 0.1902154 -9999 -9999 0.149624 0.1374789 0.12607 0.1153997 0.1054592 0.09623095 0.08769067 0.07980934 0.07255451 0.06589163 0.059785 -9999 -9999 0.04444419 0.04020746 0.03635406 0.03285323 0.02967589 0.02679478 0.02418442 0.02182111 0.0196829 0.01774949 0.01600221 0.01442392 0.01299888 0.01171272 0.0105523 0.00950567 0.008561923 0.007711163 0.006944396
-9999 -9999 -9999 -9999 -9999 -9999 -9999 -9999 -9999 -9999 0.3001432 0.3154037 0.3293035 0.3411992 0.3503774 -9999 -9999 -9999 -9999 -9999 -9999 -9999 -9999 0.2809899 0.2640946 0.2471512 0.2304191 0.2140947 -9999 -9999 -9999 0.155228 0.1424274 0.1304374 0.1192526 0.1088568 0.09922609 0.09033034 0.08213523 0.07460363 0.06769676 0.06137513 0.05559935 0.05033068 0.04553149 0.04116561 0.03719858 0.03359777 0.03033248 0.02737398 0.02469552 0.02227228 0.02008131 0.01810145 0.01631328 0.01469896 0.01324217 0.01192802 0.01074293 0.009674529 0.008711571 0.007843849 0.0070621
-9999 -9999 -9999 -9999 -9999 -9999 -9999 -9999 -9999 -9999 0.3159011 0.3331083 0.3490722 0.3630247 0.3740311 0.3810935 0.3833959 0.3806158 0.3730767 0.3615957 0.3471717 -9999 -9999 0.2947575 0.276245 0.2578652 0.239863 0.2224177 0.2056583 0.1896746 0.1745252 0.1602442 0.1468458 0.1343287 0.1226791 0.1118736 0.101882 0.09266828 0.08419324 0.07641523 0.06929153 0.06277917 0.05683563 0.05141944 0.04649055 0.04201064 0.03794335 0.03425439 0.03091158 0.02788491 0.02514649 0.0226705 0.0204331 0.01841238 0.01658822 0.01494219 0.01345746 0.01211868 0.01091186 0.00982428 0.008844394 0.007961719 0.007166756
-9999 -9999 -9999 -9999 -9999 -9999 -9999 -9999 -9999 -9999 0.3303441 0.3496049 0.3678767 0.3842957 0.3976699 0.4065315 0.4095097 0.4060175 0.3966432 0.3827585 0.3658325 0.3470583 0.3273008 0.3071657 0.287077 0.267335 0.2481535 0.2296846 0.2120341 0.1952726 0.1794431 0.1645662 0.1506452 0.1376693 0.1256167 0.1144573 0.1041545 0.09466745 0.08595213 0.07796298 0.07065374 0.06397834 0.05789154 0.05234947 0.04730997 0.04273287 0.03858016 0.0348161 0.03140728 0.02832255 0.02553306 0.02301212 0.02073517 0.01867961 0.01682475 0.01515167 0.01364309 0.01228326 0.01105786 0.009953876 0.008959494 0.008064002 0.007257702
-9999 -9999 -9999 -9999 -9999 -9999 -9999 -9999 -9999 -9999 0.3428445 0.3641405 0.3848645 0.4041575 0.4206249 0.4321364 0.4362016 0.4315816 0.4195165 0.402498 0.3826578 0.3613917 0.3395599 0.3177042 0.2961803 0.2752309 0.2550249 0.23568 0.2172758 0.1998625 0.1834668 0.1680967 0.1537451 0.1403925 -9999 0.1165615 0.106005 0.09629535 0.08738466 0.07922396 -9999 -9999 0.05875337 0.05310921 0.04797999 0.04332403 0.039102 0.03527698 0.03181453 0.02868262 0.02585158 0.02329405 0.02098486 0.01890088 0.01702096 0.01532575 0.01379764 0.01242056 0.01117991 0.01006243 0.009056112 0.008150048 0.007334378
-9999 -9999 -9999 -9999 -9999 -9999 -9999 -9999 -9999 -9999 -9999 0.3758051 0.3988677 0.4212319 0.4415987 0.4572388 0.4633333 0.4566382 0.4403989 0.4194357 0.3964792 0.3728301 0.3491571 0.3258485 0.3031534 0.2812421 0.2602338 0.2402115 0.2212296 0.20332 0.1864956 0.1707534 0.1560778 0.1424425 -9999 -9999 -9999 -9999 -9999 -9999 -9999 -9999 -9999 -9999 -9999 0.04377745 0.03950323 0.03563225 0.03212929 0.02896166 0.02609913 0.02351381 0.02118007 0.0190744 0.0171753 0.01546314 0.01392001 0.01252963 0.01127719 0.01014925 0.009133649 0.008219339 0.007396341
-9999 -9999 -9999 -9999 -9999 -9999 -9999 -9999 -9999 -9999 -9999 0.3836353 0.4084611 0.4334348 0.4578908 0.479799 0.4907579 0.4791475 0.4565894 0.4314866 0.4058706 0.3804087 0.3554258 0.3311251 0.3076507 0.2851101 0.2635828 0.2431255 0.2237745 0.2055489 0.1884518 0.1724733 0.157592 0.143777 -9999 -9999 -9999 -9999 -9999 -9999 -9999 -9999 -9999 -9999 -9999 -9999 0.03977973 0.0358784 0.03234859 0.02915719 0.02627359 0.02366958 0.02131925 0.01919886 0.01728668 0.01556287 0.01400938 0.01260977 0.0113491 0.01021383 0.009191669 0.008271503 0.007443269
-9999 -9999 -9999 -9999 -9999 -9999 -9999 -9999 -9999 -9999 -9999 0.3868489 0.4123263 0.438358 0.4648027 0.4915099 0.5183227 0.4908023 0.4633892 0.4362418 0.4095125 0.3833443 0.3578675 0.3331982 0.3094358 0.2866626 0.2649427 0.244323 0.2248334 0.206488 0.1892868 -9999 -9999 -9999 -9999 -9999 -9999 -9999 -9999 -9999 -9999 -9999 -9999 -9999 -9999 -9999 -9999 -9999 0.03247067 0.02926769 0.02637367 0.02376028 0.0214015 0.01927348 0.0173544 0.01562438 0.01406526 0.01266056 0.01139529 0.01025584 0.009229905 0.008306311 0.007474967
-9999 -9999 -9999 -9999 -9999 -9999 -9999 -9999 -9999 -9999 -9999 -9999 0.409903 0.4348145 0.4592089 0.4810564 0.4919556 0.4802869 0.4576717 0.4325133 0.4068434 0.3813292 0.3562957 0.3319463 0.308425 0.2858394 0.264269 0.2437704 0.2243801 0.2061169 0.1889842 -9999 -9999 -9999 -9999 -9999 -9999 -9999 -9999 -9999 -9999 -9999 -9999 -9999 -9999 -9999 -9999 -9999 0.03249495 0.02929269 0.02639898 0.02378557 0.02142651 0.019298 0.01737827 0.01564748 0.0140875 0.01268188 0.01141564 0.01027521 0.009248273 0.00832369 0.00749137
-9999 -9999 -9999 -9999 -9999 -9999 -9999 -9999 -9999 -9999 -9999 -9999 -9999 -9999 0.4442402 0.4597585 0.4657333 0.458921 0.4425673 0.4214926 0.3984279 0.3746739 0.3508995 0.3274933 0.3047042 0.2827027 0.261608 0.241503 0.2224423 0.2044575 0.1875616 -9999 -9999 -9999 -9999 -9999 -9999 -9999 -9999 -9999 -9999 -9999 -9999 -9999 -9999 -9999 -9999 -9999 0.0324221 0.02923274 0.02634998 0.02374585 0.02139462 0.01927271 0.01735853 0.01563238 0.01407627 0.01267386 0.01141027 0.01027202 0.009246864 0.008323716 0.007492543
