ABM/data/resources.asc
ncols         256
nrows         256
xllcorner     -4
yllcorner     -1
cellsize      0.01953125
NODATA_value  -9999
[rows 84 to 111 of 256, columns 126 to 188 of 256]
0.002182406 0.002106896 0.002032893 0.001960462 0.001889673 0.001820599 0.001753312 0.001687885 0.001624386 0.001562882 0.001503435 0.001446101 0.001390932 0.001337972 0.001287261 0.001238831 0.001192706 0.001148906 0.001107444 0.001068324 0.001031547 0.0009971054 0.0009649858 0.0009351696 0.0009076323 0.0008823439 0.0008592689 0.0008383672 0.0008195933 0.0008028972 0.0007882242 0.0007755152 0.0007647069 0.0007557314 0.0007485172 0.0007429886 0.000739066 0.0007366662 0.0007357023 0.0007360841 0.000737718 0.0007405074 0.0007443526 0.0007491515 0.0007547995 0.0007611901 0.0007682148 0.0007757641 0.0007837273 0.0007919933 0.0008004514 0.0008089909 0.0008175026 0.0008258788 0.0008340142 0.0008418064 0.0008491565 0.0008559698 0.0008621562 0.0008676309 0.0008723153 0.0008761368 0.0008790299
0.00236207 0.002279204 0.002197885 0.002118195 0.00204022 0.001964046 0.001889759 0.001817442 0.001747175 0.001679033 0.001613085 0.001549393 0.001488013 0.001428993 0.001372373 0.001318187 0.00126646 0.001217209 0.001170445 0.001126169 0.001084377 0.001045058 0.001008193 0.0009737592 0.0009417254 0.000912056 0.0008847093 0.000859639 0.0008367937 0.0008161173 0.0007975495 0.0007810258 0.0007664775 0.0007538325 0.0007430147 0.0007339449 0.0007265405 0.0007207157 0.0007163818 0.0007134474 0.0007118185 0.0007113987 0.0007120894 0.00071379 0.0007163985 0.0007198111 0.0007239233 0.0007286296 0.0007338244 0.0007394018 0.0007452567 0.0007512848 0.0007573831 0.0007634506 0.0007693889 0.0007751022 0.0007804983 0.0007854889 0.0007899904 0.000793924 0.0007972163 0.0007997998 0.0008016134
0.002557961 0.002467042 0.002377719 0.002290093 0.002204268 0.002120346 0.002038429 0.001958614 0.001880991 0.001805645 0.001732654 0.001662087 0.001594005 0.00152846 0.001465494 0.001405142 0.001347428 0.001292369 0.001239971 0.001190234 0.001143151 0.001098703 0.001056868 0.001017616 0.0009809108 0.0009467091 0.0009149631 0.0008856197 0.0008586207 0.0008339036 0.0008114016 0.0007910441 0.0007727565 0.0007564612 0.0007420774 0.0007295211 0.0007187058 0.0007095425 0.0007019396 0.0006958037 0.0006910393 0.0006875491 0.0006852346 0.0006839955 0.000683731 0.0006843392 0.0006857179 0.0006877647 0.0006903773 0.0006934539 0.0006968937 0.0007005971 0.0007044662 0.0007084052 0.0007123207 0.0007161227 0.0007197242 0.0007230421 0.0007259979 0.0007285174 0.0007305318 0.0007319775 0.0007327967
0.002771475 0.002671727 0.002573634 0.00247732 0.002382908 0.002290521 0.002200276 0.002112285 0.002026654 0.001943478 0.001862844 0.00178483 0.001709501 0.001636914 0.001567115 0.001500139 0.001436009 0.001374742 0.001316341 0.001260802 0.001208112 0.00115825 0.001111186 0.001066884 0.0010253 0.0009863854 0.0009500835 0.0009163342 0.000885072 0.0008562268 0.0008297247 0.000805488 0.0007834357 0.0007634838 0.0007455454 0.0007295314 0.0007153504 0.000702909 0.0006921121 0.0006828629 0.0006750636 0.0006686152 0.0006634175 0.0006593701 0.000656372 0.000654322 0.0006531191 0.0006526624 0.0006528522 0.0006535891 0.0006547755 0.0006563151 0.0006581138 0.0006600796 0.0006621235 0.0006641592 0.0006661041 0.0006678791 0.0006694096 0.0006706252 0.0006714603 0.0006718546 0.0006717529
0.003004124 0.002894687 0.002786974 0.002681135 0.00257732 0.00247567 0.002376323 0.002279409 0.002185048 0.002093348 0.002004407 0.001918311 0.001835133 0.001754934 0.001677762 0.001603654 0.001532633 0.001464713 0.001399896 0.001338173 0.001279525 0.001223927 0.001171341 0.001121723 0.001075023 0.001031184 0.0009901403 0.0009518244 0.0009161621 0.000883075 0.000852481 0.0008242946 0.000798427 0.0007747872 0.0007532815 0.0007338143 0.0007162885 0.0007006052 0.0006866648 0.0006743663 0.0006636084 0.000654289 0.000646306 0.0006395571 0.0006339402 0.0006293535 0.0006256961 0.000622868 0.0006207699 0.0006193044 0.0006183755 0.0006178893 0.0006177541 0.0006178807 0.0006181829 0.0006185774 0.0006189847 0.0006193289 0.0006195381 0.0006195446 0.0006192856 0.000618703 0.0006177434
0.003257546 0.003137462 0.003019186 0.002902897 0.002788771 0.002676976 0.002567672 0.002461007 0.002357118 0.002256128 0.002158147 -9999 0.001971577 0.001883135 0.001797995 0.001716195 0.001637757 0.001562694 0.001491003 0.001422671 0.001357675 0.00129598 0.001237542 0.001182311 0.001130225 0.001081219 0.001035219 0.0009921481 0.0009519217 0.0009144528 0.0008796498 0.0008474184 0.0008176612 0.0007902787 0.0007651694 0.0007422305 0.0007213578 0.0007024464 0.0006853905 0.0006700843 0.0006564216 0.0006442965 0.0006336035 0.0006242376 0.0006160943 0.0006090705 0.0006030641 0.0005979742 0.000593702 0.00059015 0.0005872232 0.0005848286 0.000582876 0.000581278 0.00057995 0.0005788109 0.0005777831 0.0005767928 0.0005757699 0.0005746491 0.000573369 0.0005718731 0.0005701095
0.003533512 0.003401718 0.003271831 0.003144066 0.003018628 0.002895712 0.002775504 0.002658173 0.002543875 0.002432751 -9999 -9999 0.002119554 0.002022175 0.001928411 0.001838302 0.001751869 0.001669121 0.001590052 0.001514644 0.001442865 0.001374675 0.00131002 0.001248841 0.001191067 0.001136621 0.001085421 0.001037378 0.0009923968 0.0009503803 0.0009112266 0.0008748308 0.0008410861 0.0008098835 0.0007811125 0.0007546616 0.0007304188 0.0007082716 0.0006881075 0.0006698143 0.0006532802 0.0006383943 0.0006250464 0.0006131277 0.0006025306 0.0005931492 0.0005848792 0.0005776182 0.0005712659 0.0005657246 0.0005608985 0.000556695 0.0005530241 0.000549799 0.0005469361 0.0005443552 0.0005419799 0.0005397375 0.0005375593 0.0005353809 0.0005331422 0.0005307873 0.0005282654
0.003833935 0.003689251 0.003546594 0.003406215 0.003268354 0.003133239 0.003001081 0.002872077 0.002746401 0.002624211 -9999 -9999 0.002279827 0.002172749 0.002069644 0.001970548 0.001875484 0.001784458 0.001697457 0.001614458 0.001535421 0.001460296 0.001389021 0.001321524 0.001257725 0.001197536 0.001140862 0.001087601 0.001037647 0.0009908922 0.0009472213 0.0009065187 0.0008686663 0.0008335442 0.0008010321 0.0007710085 0.0007433522 0.000717942 0.0006946575 0.000673379 0.000653988 0.0006363672 0.0006204011 0.0006059758 0.0005929794 0.0005813021 0.0005708365 0.0005614773 0.0005531223 0.0005456717 0.0005390287 0.0005330996 0.0005277938 0.0005230242 0.0005187072 0.0005147627 0.0005111144 0.0005076903 0.000504422 0.0005012456 0.0004981012 0.0004949336 0.0004916917
0.004160878 0.004001996 0.003845282 0.00369103 0.003539521 0.003391015 0.003245757 0.003103967 0.002965845 -9999 -9999 -9999 0.002453208 0.002335597 0.002222361 0.002113539 0.002009149 0.001909194 0.001813656 0.001722502 0.001635685 0.001553144 0.001474805 0.001400585 0.001330391 0.001264122 0.001201668 0.001142916 0.001087747 0.001036036 0.000987658 0.0009424831 0.0009003807 0.0008612192 0.0008248663 0.0007911897 0.0007600575 0.0007313388 0.0007049038 0.0006806242 0.0006583735 0.0006380271 0.0006194627 0.0006025605 0.000587203 0.0005732756 0.0005606664 0.0005492668 0.000538971 0.0005296766 0.0005212845 0.000513699 0.0005068281 0.0005005834 0.0004948803 0.0004896382 0.0004847803 0.000480234 0.0004759309 0.0004718067 0.0004678014 0.0004638596 0.00045993
0.004516563 0.004342032 0.004169838 0.004000323 0.00383381 0.0036706 0.003510971 0.003355173 0.003203432 -9999 -9999 -9999 -9999 0.002511496 0.002387269 0.002267911 0.002153438 0.002043845 0.001939108 0.001839186 0.00174402 0.001653536 0.00156765 0.001486263 0.001409268 0.001336549 0.001267982 0.001203437 0.00114278 0.001085873 0.001032573 0.000982738 0.0009362225 0.0008928812 0.0008525687 0.0008151403 0.0007804522 0.0007483622 0.00071873 0.0006914173 0.0006662884 0.0006432102 0.0006220525 0.0006026882 0.0005849933 0.0005688473 0.0005541331 0.0005407369 0.000528549 0.0005174631 0.0005073769 0.0004981919 0.0004898136 0.0004821516 0.0004751196 0.0004686353 0.000462621 0.0004570027 0.0004517112 0.0004466815 0.0004418529 0.000437169 0.000432578
0.004903382 0.004711595 0.004522345 0.00433603 0.004153018 0.003973657 0.003798259 0.003627109 -9999 -9999 -9999 -9999 -9999 0.002701266 0.002565109 0.002434334 0.002308951 0.002188949 0.002074295 0.001964937 0.001860803 0.001761807 0.001667846 0.00157881 0.001494572 0.001415 0.001339953 0.001269285 0.001202843 0.001140472 0.001082014 0.001027309 0.000976197 0.0009285162 0.000884107 0.0008428107 0.0008044699 0.00076893 0.0007360384 0.0007056458 0.0006776059 0.0006517759 0.0006280163 0.0006061917 0.0005861705 0.0005678249 0.0005510316 0.0005356708 0.0005216278 0.0005087913 0.0004970549 0.0004863166 0.0004764783 0.0004674468 0.0004591332 0.0004514532 0.0004443267 0.0004376785 0.0004314375 0.0004255375 0.0004199164 0.0004145168 0.0004092858
0.005323902 0.005113079 0.004905033 0.004700219 0.004499061 0.004301953 0.00410925 0.003921273 -9999 -9999 -9999 -9999 0.003060793 0.002905765 0.002756658 -9999 -9999 -9999 0.002219719 0.002100201 0.001986429 0.001878301 0.001775698 0.001678488 0.001586528 0.001499667 0.001417744 0.001340592 0.001268041 0.001199916 0.00113604 0.001076234 0.001020321 0.0009681224 0.000919462 0.000874165 0.0008320594 0.000792976 0.000756749 0.0007232163 0.0006922198 0.0006636053 0.0006372232 0.0006129286 0.0005905807 0.0005700437 0.0005511866 0.0005338831 0.0005180117 0.0005034559 0.000490104 0.000477849 0.0004665892 0.0004562274 0.0004466714 0.000437834 0.0004296323 0.0004219889 0.0004148306 0.0004080891 0.0004017009 0.0003956068 0.0003897524
0.005780877 0.00554905 0.005320282 0.005095096 0.004873976 0.004657368 0.004445673 0.004239249 0.00403841 -9999 -9999 -9999 0.00329563 0.003125892 -9999 -9999 -9999 -9999 0.002375899 0.00224544 0.002121307 0.002003379 0.001891518 0.001785571 0.001685373 0.001590751 0.001501523 0.0014175 0.001338488 0.001264293 0.001194716 0.001129558 0.001068621 0.001011709 0.0009586262 0.0009091806 0.0008631834 0.0008204496 0.0007807983 0.0007440531 0.0007100426 0.0006786003 0.0006495648 0.0006227802 0.0005980957 0.0005753661 0.0005544517 0.0005352183 0.0005175371 0.0005012848 0.0004863438 0.0004726015 0.000459951 0.0004482908 0.0004375245 0.0004275612 0.0004183149 0.0004097049 0.0004016556 0.0003940963 0.0003869611 0.000380189 0.0003737237
0.006277253 0.006022245 0.005770632 0.005523009 0.005279928 0.005041893 0.004809353 0.00458271 0.004362309 -9999 -9999 -9999 -9999 -9999 -9999 -9999 -9999 -9999 0.002543373 0.002401129 0.002265856 0.00213741 0.00201563 0.001900339 0.001791349 0.00168846 0.001591466 0.001500154 0.001414305 0.0013337 0.001258117 0.001187335 0.001121134 0.001059295 0.001001603 0.0009478466 0.0008978178 0.0008513142 0.0008081382 0.0007680975 0.0007310059 0.0006966828 0.000664954 0.0006356509 0.0006086118 0.0005836806 0.0005607079 0.0005395504 0.0005200709 0.0005021385 0.0004856282 0.0004704214 0.0004564051 0.0004434724 0.0004315222 0.000420459 0.000410193 0.0004006399 0.0003917209 0.0003833624 0.0003754959 0.0003680582 0.0003609905
0.006816179 0.006535585 0.006258782 0.005986448 0.00571921 0.00545763 0.005202217 0.004953413 0.004711603 -9999 0.004250201 0.004031085 0.003819917 0.003616805 -9999 0.003234937 0.003056174 0.002885456 0.002722691 0.002567757 0.002420507 0.002280772 0.002148365 0.002023081 0.001904704 0.001793007 0.001687755 0.001588707 0.001495617 0.001408239 0.001326325 0.001249628 0.001177903 0.001110909 0.001048406 0.0009901632 0.0009359508 0.0008855471 0.0008387358 0.0007953073 0.0007550588 0.0007177942 0.0006833245 0.0006514679 0.0006220496 0.0005949017 0.0005698639 0.0005467825 0.0005255109 0.0005059094 0.0004878451 0.0004711917 0.0004558295 0.0004416456 0.0004285331 0.0004163915 0.0004051263 0.0003946492 0.0003848776 0.0003757344 0.0003671483 0.0003590533 0.0003513882
0.007401012 0.007092174 0.006787597 0.006488051 0.00619424 0.005906798 0.005626288 0.005353204 0.005087967 0.004830929 0.004582378 0.004342535 0.004111561 0.003889562 0.00367659 0.00347265 0.0032777 0.003091661 0.002914417 0.00274582 0.002585697 0.002433849 0.002290057 0.002154087 0.00202569 0.001904608 0.001790573 0.001683314 0.001582554 0.001488017 0.001399425 0.001316503 0.001238979 0.001166585 0.001099058 0.001036141 0.0009775823 0.0009231385 0.0008725729 0.0008256565 0.0007821683 0.000741895 0.0007046315 0.0006701808 0.000638354 0.0006089702 0.0005818564 0.0005568475 0.0005337864 0.0005125233 0.0004929164 0.000474831 0.0004581397 0.0004427224 0.0004284659 0.0004152638 0.0004030165 0.0003916308 0.0003810198 0.0003711029 0.0003618053 0.0003530577 0.0003447967
0.008035318 0.007695307 0.007360112 0.007030603 0.00670757 0.006391723 0.006083689 0.005784009 0.005493147 0.005211484 0.004939326 0.004676907 0.004424393 0.004181883 0.003949421 0.003726996 0.003514547 0.003311969 0.003119119 0.002935821 0.002761867 0.002597026 0.002441043 0.002293649 0.00215456 0.00202348 0.001900107 0.001784133 0.001675249 0.001573143 0.001477507 0.001388033 0.001304419 0.001226368 0.00115359 0.0010858 0.001022723 0.0009640914 0.0009096455 0.0008591351 0.0008123192 0.0007689656 0.0007288514 0.000691763 0.0006574956 0.0006258538 0.0005966508 0.0005697089 0.0005448589 0.0005219402 0.0005008004 0.0004812957 0.0004632899 0.000446655 0.0004312706 0.0004170236 0.0004038086 0.0003915269 0.0003800871 0.0003694041 0.0003593994 0.0003500007 0.0003411413
0.008722883 0.00834847 0.007979527 0.007617033 0.007261876 0.006914844 -9999 0.006247834 0.005928956 0.005620408 0.005322515 0.005035522 0.004759592 0.004494822 0.004241238 0.00399881 0.003767452 0.003547032 0.003337374 0.003138265 0.00294946 0.00277069 0.00260166 0.00244206 0.002291565 0.002149839 0.00201654 0.001891321 0.001773833 0.001663729 0.001560663 0.001464293 0.001374284 0.001290307 0.00121204 0.001139171 0.001071396 0.001008422 0.0009499642 0.0008957496 0.0008455148 0.0007990068 0.0007559832 0.000716212 0.0006794711 0.0006455489 0.0006142435 0.000585363 0.0005587249 0.0005341563 0.0005114936 0.0004905822 0.0004712763 0.000453439 0.0004369417 0.0004216641 0.0004074941 0.000394327 0.0003820662 0.000370622 0.0003599118 0.0003498596 0.0003403959
0.009467709 0.009055339 0.008649208 0.008250417 0.007859956 0.007478702 0.007107419 0.006746759 0.006397267 0.006059385 0.005733455 0.005419726 0.005118363 0.004829447 0.004552988 0.004288931 0.004037159 0.003797505 0.003569754 0.003353653 0.003148915 0.002955223 0.002772238 0.002599605 0.002436952 0.002283897 0.002140054 0.002005032 0.001878439 0.001759885 0.001648986 0.001545362 0.00144864 0.001358455 0.001274454 0.001196291 0.001123634 0.001056158 0.0009935549 0.0009355238 0.0008817777 0.000832041 0.0007860498 0.0007435518 0.0007043061 0.000668083 0.0006346641 0.0006038416 0.0005754185 0.0005492082 0.0005250343 0.0005027306 0.0004821404 0.0004631168 0.0004455222 0.0004292282 0.0004141151 0.0004000719 0.0003869961 0.0003747929 0.0003633754 0.0003526639 0.0003425856
0.01027402 0.00981978 0.009372685 0.008933969 0.00850473 0.008085939 0.007678434 0.007282928 0.006900006 0.00653014 0.006173684 0.005830894 0.005501924 0.00518684 0.004885629 0.004598202 0.004324408 0.004064036 0.003816828 0.003582483 0.003360662 0.003150999 0.002953103 0.002766564 0.002590962 0.002425861 0.002270826 0.002125416 0.001989193 0.001861721 0.001742571 0.00163132 0.001527555 0.001430874 0.001340886 0.00125721 0.001179481 0.001107344 0.001040459 0.0009784999 0.0009211517 0.0008681143 0.0008191003 0.0007738353 0.0007320576 0.0006935178 0.000657979 0.0006252161 0.0005950159 0.0005671767 0.0005415079 0.0005178301 0.0004959747 0.0004757836 0.0004571093 0.0004398141 0.0004237703 0.0004088597 0.0003949734 0.0003820112 0.0003698815 0.0003585007 0.000347793
0.01114624 0.01064584 0.01015364 0.009671031 0.009199222 0.008739282 0.008292133 0.007858544 0.007439144 0.007034429 0.006644767 0.00627041 0.005911502 0.005568084 0.005240112 0.00492746 0.004629931 0.004347266 0.004079154 0.003825237 0.003585121 0.00335838 0.003144564 0.002943206 0.002753823 0.002575927 0.002409024 0.002252619 0.00210622 0.001969343 0.001841508 0.001722247 0.001611102 0.001507629 0.001411395 0.001321985 0.001238994 0.001162036 0.001090737 0.00102474 0.0009637035 0.0009072988 0.000855213 0.0008071477 0.0007628181 0.0007219535 0.0006842965 0.0006496029 0.0006176414 0.0005881935 0.000561053 0.0005360258 0.0005129299 0.000491595 0.000471862 0.0004535836 0.0004366228 0.0004208537 0.0004061603 0.0003924367 0.0003795865 0.0003675221 0.0003561644
0.01208902 0.01153774 0.01099592 0.01046507 0.009946553 0.009441541 0.00895103 0.008475853 0.008016681 0.00757403 0.007148278 0.006739667 0.006348322 0.005974255 0.005617381 0.005277527 0.004954445 0.004647817 0.004357269 0.004082382 0.003822693 0.003577711 0.003346919 0.003129782 0.002925753 0.002734279 0.002554805 0.002386773 0.002229637 0.002082852 0.001945887 0.001818223 0.001699353 0.001588788 0.00148605 0.001390683 0.001302243 0.001220306 0.001144466 0.00107433 0.001009526 0.0009496961 0.0008944995 0.000843611 0.000796721 0.0007535349 0.0007137729 0.0006771697 0.0006434741 0.0006124487 0.00058387 0.0005575275 0.0005332241 0.0005107759 0.0004900115 0.0004707718 0.0004529105 0.0004362926 0.0004207949 0.0004063054 0.0003927225 0.0003799545 0.0003679196
0.0131072 0.01249988 0.01190346 0.01131965 0.01074993 0.01019558 0.009657684 0.009137133 0.008634636 0.008150728 0.007685789 0.007240046 0.006813594 0.006406409 0.006018355 0.005649204 0.005298642 0.004966286 0.004651689 0.004354358 0.004073755 0.003809313 0.003560439 0.003326525 0.003106949 0.002901087 0.002708312 0.002528004 0.002359549 0.002202342 0.002055793 0.001919327 0.001792385 0.001674426 0.001564926 0.001463383 0.001369312 0.001282248 0.001201746 0.00112738 0.001058742 0.0009954419 0.0009371094 0.0008833899 0.0008339463 0.000788458 0.0007466205 0.000708145 0.000672758 0.0006402014 0.0006102319 0.0005826211 0.0005571549 0.000533634 0.0005118729 0.0004917004 0.0004729588 0.0004555038 0.0004392044 0.0004239418 0.0004096093 0.0003961115 0.0003833636
0.01420578 0.01353677 0.01288036 0.01223844 0.01161262 0.01100431 0.01041468 0.009844671 0.009295028 0.008766299 0.008258857 0.007772906 0.007308504 0.006865575 0.006443925 0.006043257 0.005663182 0.005303237 0.004962895 0.004641574 0.004338654 0.00405348 0.003785375 0.003533644 0.003297587 0.003076498 0.002869674 0.002676422 0.002496054 0.002327901 0.002171307 0.002025637 0.001890274 0.001764622 0.001648107 0.001540177 0.001440301 0.001347973 0.001262704 0.001184031 0.001111508 0.001044712 0.0009832373 0.000926699 0.0008747298 0.00082698 0.0007831178 0.0007428284 0.0007058136 0.0006717919 0.0006404981 0.0006116831 0.0005851142 0.0005605743 0.0005378625 0.0005167936 0.0004971978 0.0004789204 0.0004618216 0.0004457759 0.0004306714 0.0004164091 0.000402902
0.01538993 0.01465306 0.01393078 0.01322514 0.01253794 0.01187067 0.01122461 0.01060075 0.009999854 0.009422489 0.008869003 0.008339568 0.007834191 0.007352736 0.006894934 0.006460406 0.006048677 0.005659191 0.005291325 0.004944401 0.004617701 0.004310471 0.004021941 0.003751321 0.003497818 0.00326064 0.003038999 0.002832119 0.002639236 0.002459606 0.002292504 0.002137229 0.001993099 0.001859462 0.001735688 0.001621171 0.001515332 0.001417616 0.001327494 0.001244457 0.001168022 0.001097727 0.00103313 0.000973812 0.0009193722 0.0008694294 0.0008236216 0.0007816046 0.0007430527 0.0007076582 0.0006751309 0.0006451986 0.000617607 0.0005921195 0.0005685173 0.0005465996 0.000526183 0.0005071014 0.0004892059 0.0004723636 0.0004564577 0.0004413858 0.0004270598
0.01666495 0.0158535 0.01505894 0.01428352 0.01352919 0.01279759 0.01209004 0.0114076 0.01075107 0.010121 0.009517694 0.008941294 0.008391739 0.007868814 0.007372164 0.006901314 0.006455684 0.006034613 0.005637368 0.00526316 0.004911159 0.004580505 0.004270316 0.0039797 0.003707763 0.003453614 0.003216372 0.002995171 0.002789163 0.002597524 0.002419452 0.002254174 0.002100942 0.001959039 0.001827774 0.001706487 0.001594546 0.001491344 0.001396305 0.001308876 0.00122853 0.001154764 0.001087097 0.001025072 0.0009682525 0.0009162214 0.0008685829 0.0008249605 0.0007849973 0.0007483556 0.0007147173 0.0006837835 0.0006552754 0.000628934 0.0006045204 0.0005818158 0.0005606217 0.0005407594 0.0005220699 0.0005044131 0.0004876672 0.0004717275 0.0004565054
0.01803622 0.01714287 0.01626908 0.01541732 0.01458968 0.01378793 0.01301348 0.01226743 0.01155057 0.01086344 0.01020632 0.009579265 0.008982148 0.008414655 0.007876325 0.00736657 0.006884692 0.006429905 0.00600135 0.005598114 0.005219242 0.004863749 0.004530634 0.004218889 0.003927507 0.003655489 0.003401852 0.003165632 0.002945889 0.00274171 0.002552212 0.002376544 0.002213886 0.002063451 0.001924486 0.00179627 0.001678112 0.001569354 0.001469368 0.001377552 0.001293333 0.001216165 0.001145522 0.001080908 0.001021843 0.000967874 0.000918566 0.000873506 0.0008323017 0.0007945815 0.000759995 0.0007282128 0.0006989279 0.0006718553 0.0006467329 0.0006233216 0.0006014056 0.0005807924 0.000561312 0.000542817 0.0005251809 0.0005082978 0.0004920802
0.01950916 0.01852598 0.01756544 0.01663024 0.01572264 0.01484453 0.01399737 0.01318231 0.01240013 0.01165134 0.01093616 0.01025457 0.009606322 0.008991006 0.008408031 0.007856676 0.007336105 0.006845389 0.006383528 0.005949463 0.0055421 0.005160318 0.00480298 0.00446895 0.004157097 0.003866302 0.003595471 0.003343533 0.003109447 0.002892206 0.002690838 0.002504409 0.00233202 0.002172811 0.002025962 0.001890685 0.001766231 0.001651884 0.00154696 0.001450807 0.001362802 0.001282349 0.001208878 0.001141845 0.001080728 0.001025029 0.0009742712 0.0009279994 0.0008857812 0.0008472058 0.0008118853 0.0007794553 0.0007495756 0.0007219313 0.0006962331 0.0006722186 0.0006496524 0.0006283259 0.0006080579 0.0005886931 0.0005701015 0.000552177 0.0005348357
