ABM/data/resources.asc
ncols         256
nrows         256
xllcorner     -4
yllcorner     -1
cellsize      0.01953125
NODATA_value  -9999
[rows 56 to 83 of 256, columns 63 to 125 of 256]
0.005983153 0.005753467 0.005523179 0.005293396 0.005065147 0.004839378 0.004616946 0.004398621 0.004185083 0.003976927 0.003774658 0.003578701 0.0033894 0.003207027 0.003031781 0.002863798 0.002703155 0.002549873 0.002403927 0.002265247 0.002133726 0.002009226 0.00189158 0.001780596 0.001676066 0.001577765 0.001485459 0.001398903 0.001317848 0.001242045 0.00117124 0.001105187 0.001043638 0.0009863563 0.0009331073 0.0008836672 0.0008378202 0.0007953606 0.0007560932 0.0007198336 0.000686409 0.0006556584 0.0006274327 0.0006015947 0.0005780199 0.0005565959 0.0005372227 0.0005198128 0.000504291 0.0004905945 0.0004786733 0.0004684894 0.0004600177 0.0004532455 0.0004481729 0.0004448128 0.0004431912 0.0004433473 0.0004453337 0.000449217 0.0004550776 0.0004630109 0.0004731269
0.006598152 0.006339818 0.006081088 0.005823213 0.00556735 0.005314561 0.005065802 0.004821929 0.004583692 0.004351742 0.00412663 0.003908813 0.003698658 0.003496445 0.003302377 0.003116584 0.002939128 0.002770014 0.002609191 0.00245656 0.002311985 0.002175289 0.00204627 0.001924698 0.001810325 0.001702887 0.001602108 0.001507706 0.001419392 0.001336877 0.001259874 0.001188098 0.001121268 0.001059112 0.001001367 0.0009477762 0.0008980967 0.0008520954 0.0008095515 0.0007702566 0.0007340152 0.0007006449 0.0006699765 0.0006418542 0.0006161359 0.0005926923 0.0005714081 0.000552181 0.0005349217 0.0005195545 0.0005060165 0.0004942578 0.0004842417 0.000475944 0.0004693539 0.0004644732 0.000461317 0.0004599134 0.000460304 0.0004625436 0.000466701 0.000472859 0.0004811146
0.0072741 0.006983588 0.006692957 0.006403619 0.006116878 0.00583392 0.005555812 0.005283502 0.005017819 0.004759472 0.00450906 0.004267071 0.004033891 0.003809812 0.003595033 0.003389674 0.003193781 0.003007331 0.002830246 0.002662391 0.00250359 0.002353628 0.002212257 0.002079204 0.001954175 0.00183686 0.001726938 0.001624081 0.001527957 0.001438233 0.001354581 0.001276675 0.001204196 0.001136836 0.001074295 0.001016284 0.0009625292 0.0009127666 0.0008667476 0.0008242378 0.0007850168 0.0007488791 0.0007156338 0.000685105 0.0006571313 0.000631566 0.0006082769 0.0005871461 0.0005680699 0.0005509585 0.000535736 0.0005223399 0.0005107215 0.0005008453 0.0004926889 0.0004862432 0.0004815125 0.0004785139 0.0004772778 0.0004778482 0.000480282 0.00048465 0.0004910369
0.008016569 0.007689926 0.007363529 0.007038972 0.006717719 0.006401096 0.006090293 0.005786357 0.005490196 0.005202588 0.004924176 0.004655482 0.004396909 0.004148752 0.003911208 0.00368438 0.003468289 0.003262881 0.00306804 0.002883591 0.002709311 0.002544937 0.00239017 0.002244684 0.002108135 0.001980159 0.001860384 0.001748429 0.001643915 0.001546459 0.001455685 0.001371224 0.001292713 0.001219803 0.001152156 0.001089445 0.001031362 0.0009776109 0.0009279118 0.0008820016 0.0008396331 0.0008005755 0.0007646149 0.0007315532 0.0007012087 0.0006734158 0.0006480247 0.0006249007 0.0006039248 0.0005849926 0.0005680146 0.0005529152 0.0005396334 0.0005281219 0.0005183471 0.0005102886 0.0005039397 0.0004993069 0.0004964097 0.0004952811 0.0004959668 0.0004985262 0.0005030318
0.008831544 0.00846435 0.008097876 0.007733915 0.007374113 0.007019951 0.006672749 0.006333663 0.006003691 0.005683674 0.005374306 0.005076136 0.004789585 0.004514948 0.004252409 0.004002049 0.003763857 0.003537742 0.003323541 0.003121029 0.002929928 0.002749918 0.002580642 0.002421715 0.002272729 0.002133264 0.002002886 0.001881159 0.001767645 0.001661908 0.001563519 0.001472059 0.001387118 0.001308299 0.001235223 0.001167524 0.001104853 0.001046878 0.0009932874 0.0009437858 0.0008980971 0.0008559632 0.0008171446 0.0007814202 0.0007485861 0.0007184566 0.0006908628 0.0006656529 0.0006426912 0.0006218582 0.0006030501 0.0005861781 0.0005711683 0.0005579612 0.0005465117 0.0005367885 0.0005287738 0.0005224634 0.0005178662 0.0005150044 0.0005139131 0.0005146403 0.0005172472
0.009725446 0.009312762 0.0089014 0.008493382 0.008090551 0.007694558 0.007306867 0.006928751 0.006561299 0.006205423 0.005861862 0.005531196 0.005213853 0.004910124 0.004620174 0.004344054 0.004081714 0.003833011 0.003597729 0.003375582 0.003166229 0.002969282 0.002784315 0.002610876 0.002448488 0.002296659 0.002154893 0.002022684 0.001899533 0.001784942 0.001678424 0.001579504 0.001487718 0.001402621 0.001323784 0.001250797 0.00118327 0.001120831 0.001063132 0.001009843 0.0009606573 0.0009152865 0.0008734642 0.0008349436 0.0007994979 0.0007669194 0.0007370193 0.0007096273 0.0006845905 0.0006617734 0.0006410573 0.0006223394 0.0006055329 0.000590566 0.0005773816 0.0005659374 0.0005562046 0.0005481686 0.0005418275 0.0005371934 0.0005342907 0.000533157 0.0005338424
0.01070513 0.01024144 0.00977984 0.009322595 0.008871768 0.008429199 0.007996507 0.007575091 0.007166136 0.006770622 0.006389337 0.006022882 0.005671692 0.005336043 0.005016073 0.004711793 0.0044231 0.004149793 0.003891589 0.003648131 0.003419002 0.003203737 0.00300183 0.002812749 0.002635939 0.002470831 0.00231685 0.00217342 0.002039967 0.001915927 0.001800748 0.00169389 0.001594833 0.001503076 0.001418136 0.001339555 0.001266897 0.001199748 0.001137718 0.001080443 0.001027579 0.0009788077 0.0009338324 0.0008923794 0.000854197 0.0008190543 0.0007867413 0.0007570679 0.0007298632 0.0007049751 0.0006822692 0.0006616284 0.0006429524 0.0006261568 0.0006111728 0.0005979464 0.0005864383 0.0005766231 0.0005684891 0.0005620377 0.0005572837 0.0005542542 0.0005529889
0.0117779 0.01125706 0.01073926 0.01022705 0.009722734 0.009228352 0.008745693 0.008276287 0.00782142 0.007382144 0.006959286 0.006553466 0.006165117 0.005794491 0.005441688 0.005106666 0.004789258 0.004489192 0.004206105 0.003939553 0.003689033 0.003453987 0.003233822 0.003027911 0.00283561 0.002656263 0.002489207 0.002333784 0.00218934 0.002055235 0.001930844 0.001815557 0.001708791 0.001609981 0.001518589 0.001434101 0.001356032 0.001283922 0.001217337 0.001155872 0.001099146 0.001046808 0.0009985275 0.0009540035 0.0009129565 0.0008751316 0.0008402959 0.0008082388 0.0007787702 0.0007517205 0.0007269391 0.0007042942 0.0006836714 0.0006649737 0.00064812 0.0006330451 0.0006196988 0.0006080454 0.0005980631 0.0005897434 0.0005830915 0.0005781245 0.0005748724
0.0129515 0.01236667 0.01178605 0.01121252 0.01064864 0.01009667 0.009558589 0.009036055 0.008530459 0.008042922 0.007574308 0.007125249 0.006696161 0.006287264 0.005898604 0.005530073 0.005181426 0.004852304 0.004542246 0.004250711 0.003977092 0.003720727 0.003480916 0.003256931 0.003048022 0.002853435 0.00267241 0.002504195 0.002348048 0.002203242 0.002069072 0.001944853 0.001829928 0.001723666 0.001625465 0.001534753 0.00145099 0.001373664 0.001302295 0.001236435 0.001175662 0.001119588 0.00106785 0.001020113 0.0009760722 0.0009354444 0.0008979737 0.0008634272 0.0008315952 0.0008022896 0.000775343 0.0007506082 0.0007279567 0.0007072781 0.0006884793 0.0006714838 0.0006562303 0.000642673 0.0006307802 0.0006205343 0.0006119304 0.000604977 0.0005996943
0.01423409 0.01357766 0.0129269 0.01228502 0.01165488 0.01103898 0.01043948 0.0098582 0.009296624 0.008755935 0.008237031 0.007740541 0.007266856 0.006816146 0.00638839 0.005983394 0.005600819 0.005240198 0.004900961 0.004582448 0.004283932 0.00400463 0.003743723 0.003500362 0.003273684 0.003062818 0.002866898 0.002685067 0.002516483 0.002360326 0.002215798 0.002082133 0.001958592 0.001844472 0.001739102 0.001641846 0.001552101 0.001469304 0.001392922 0.00132246 0.001257454 0.001197474 0.001142122 0.001091031 0.001043864 0.001000311 0.00096009 0.0009229457 0.0008886474 0.0008569876 0.0008277817 0.0008008665 0.0007760989 0.0007533553 0.00073253 0.000713535 0.0006962986 0.0006807647 0.0006668922 0.0006546539 0.0006440364 0.0006350389 0.0006276732
0.01563426 0.01489778 0.01416875 0.01345077 0.012747 0.01206021 0.01139275 0.01074659 0.01012332 0.009524173 0.008950076 0.008401641 0.007879212 0.007382896 0.006912582 0.006467973 0.006048614 0.005653912 0.005283163 0.004935573 0.004610274 0.004306345 0.004022829 0.003758742 0.003513088 0.003284873 0.003073105 0.002876812 0.002695041 0.002526866 0.002371392 0.002227759 0.002095142 0.001972755 0.001859853 0.001755729 0.001659718 0.001571193 0.001489569 0.001414298 0.001344871 0.001280816 0.001221695 0.001167107 0.00111668 0.001070076 0.001026988 0.0009871348 0.0009502635 0.0009161474 0.0008845836 0.0008553924 0.0008284158 0.0008035166 0.0007805768 0.0007594967 0.0007401942 0.0007226032 0.0007066731 0.0006923681 0.0006796661 0.0006685579 0.0006590472
0.01716096 0.01633507 0.01551881 0.01471618 0.01393068 0.01316537 0.01242281 0.0117051 0.01101394 0.01035061 0.009716033 0.009110799 0.008535189 0.007989216 0.00747266 0.006985099 0.006525936 0.006094429 0.005689719 0.005310851 0.0049568 0.004626484 0.00431879 0.004032579 0.00376671 0.003520043 0.003291452 0.003079833 0.002884112 0.002703245 0.00253623 0.002382104 0.002239947 0.002108884 0.001988088 0.001876776 0.001774211 0.001679705 0.00159261 0.001512326 0.001438293 0.001369993 0.001306948 0.001248718 0.001194898 0.001145118 0.001099042 0.001056366 0.001016812 0.0009801326 0.0009461073 0.0009145389 0.0008852544 0.0008581026 0.0008329529 0.0008096944 0.0007882342 0.0007684968 0.0007504224 0.0007339667 0.0007190995 0.0007058039 0.0006940755
0.01882347 0.01789783 0.01698444 0.01608777 0.0152117 0.01435954 0.01353409 0.0127376 0.01197184 0.01123815 0.01053742 0.009870196 0.009236664 0.008636725 0.008070025 0.007535982 0.007033834 0.006562664 0.00612143 0.005708992 0.005324143 0.004965618 0.004632124 0.004322354 0.004034996 0.003768752 0.003522345 0.003294525 0.003084082 0.002889846 0.002710693 0.002545549 0.002393389 0.002253243 0.002124194 0.002005376 0.001895977 0.001795238 0.001702449 0.001616949 0.001538127 0.001465416 0.001398293 0.001336277 0.001278929 0.001225846 0.001176661 0.001131044 0.001088693 0.001049341 0.001012745 0.0009786926 0.0009469944 0.0009174855 0.0008900228 0.0008644838 0.0008407655 0.0008187827 0.0007984671 0.0007797664 0.0007626424 0.000747071 0.000733041
0.02063133 0.01959452 0.01857314 0.01757214 0.0165958 0.01564774 0.01473096 0.01384786 0.0130003 0.0121896 0.01141665 0.01068189 0.0099854 0.009326935 0.008705967 0.008121732 0.007573267 0.007059447 0.00657902 0.006130635 0.005712871 0.00532426 0.004963307 0.004628507 0.004318365 0.004031403 0.003766175 0.003521273 0.003295335 0.003087051 0.002895166 0.002718483 0.002555864 0.002406235 0.00226858 0.002141945 0.002025437 0.001918221 0.001819519 0.001728607 0.001644817 0.00156753 0.001496176 0.001430233 0.001369223 0.001312708 0.001260291 0.001211613 0.001166349 0.001124207 0.001084927 0.001048276 0.001014052 0.0009820733 0.0009521854 0.0009242546 0.0008981675 0.0008738298 0.000851165 0.000830113 0.0008106286 0.000792681 0.0007762525
0.02259425 0.02143371 0.02029241 0.01917585 0.01808869 0.01703489 0.01601766 0.01503953 0.0141024 0.01320761 0.01235596 0.01154779 0.01078301 0.01006121 0.009381643 0.00874333 0.008145071 0.007585499 0.007063117 0.006576333 0.006123483 0.005702865 0.005312757 0.004951437 0.004617199 0.00430837 0.004023315 0.00376045 0.003518248 0.003295244 0.003090041 0.002901308 0.002727784 0.002568281 0.002421678 0.002286926 0.002163044 0.002049115 0.001944287 0.001847773 0.001758841 0.001676818 0.001601086 0.001531077 0.00146627 0.001406195 0.001350421 0.001298559 0.00125026 0.001205208 0.001163123 0.001123754 0.001086882 0.001052312 0.001019878 0.0009894331 0.0009608555 0.0009340417 0.0009089073 0.000885385 0.0008634233 0.0008429851 0.000824047
0.024722 0.02342394 0.0221497 0.02090532 0.01969591 0.01852574 0.01739822 0.01631602 0.01528105 0.01429461 0.01335739 0.01246958 0.01163091 0.01084072 0.01009804 0.009401601 0.008749942 0.008141414 0.007574237 0.007046539 0.006556386 0.006101809 0.005680831 0.005291488 0.004931841 0.004599995 0.004294112 0.004012413 0.003753189 0.003514809 0.003295716 0.003094437 0.002909577 0.002739825 0.002583947 0.002440791 0.00230928 0.002188414 0.002077261 0.001974962 0.001880723 0.001793811 0.001713555 0.001639341 0.001570608 0.001506843 0.001447585 0.001392415 0.001340955 0.001292867 0.001247849 0.001205634 0.001165984 0.001128692 0.001093579 0.001060487 0.001029284 0.0009998601 0.0009721221 0.0009459964 0.0009214256 0.0008983674 0.0008767932
0.02702428 0.02557363 0.02415224 0.02276674 0.02142271 0.02012472 0.01887639 0.01768044 0.01653882 0.01545271 0.01442268 0.0134487 0.01253025 0.01166642 0.01085592 0.01009718 0.009388409 0.008727636 0.008112761 0.007541594 0.00701189 0.006521386 0.006067818 0.00564895 0.005262586 0.00490659 0.004578894 0.004277507 0.004000525 0.003746131 0.0035126 0.0032983 0.003101694 0.002921337 0.002755875 0.002604045 0.00246467 0.002336656 0.00221899 0.002110736 0.002011031 0.001919084 0.001834166 0.001755614 0.001682823 0.001615241 0.001552371 0.001493763 0.001439012 0.001387756 0.001339672 0.001294473 0.001251906 0.001211751 0.001173813 0.001137928 0.001103953 0.001071769 0.001041278 0.0010124 0.0009850722 0.0009592476 0.0009348935
0.02951054 0.02789086 0.0263069 0.02476593 0.02327396 0.02183588 0.02045547 0.01913552 0.01787791 0.0166837 0.01555324 0.01448625 0.01348193 0.01253899 0.01165582 0.01083048 0.0100608 0.009344435 0.00867892 0.008061702 0.007490195 0.006961797 0.006473928 0.00602405 0.005609684 0.005228426 0.00487796 0.004556064 0.004260616 0.003989601 0.003741111 0.003513344 0.003304608 0.003113316 0.002937986 0.002777234 0.002629777 0.002494422 0.00237007 0.002255703 0.002150388 0.002053267 0.001963556 0.001880537 0.001803561 0.001732034 0.001665423 0.001603246 0.001545069 0.001490506 0.001439213 0.001390884 0.00134525 0.001302076 0.001261157 0.001222317 0.001185407 0.001150299 0.001116889 0.001085092 0.001054841 0.001026085 0.0009987883
0.03218974 0.03038321 0.02862003 0.02690811 0.02525395 0.02366269 0.02213826 0.02068345 0.01930003 0.01798888 0.01675006 0.01558297 0.01448644 0.01345879 0.01249799 0.01160167 0.01076722 0.009991884 0.009272771 0.008606927 0.007991373 0.007423136 0.006899284 0.006416946 0.005973329 0.00556574 0.005191587 0.004848398 0.004533818 0.004245614 0.003981681 0.003740037 0.003518822 0.003316297 0.003130841 0.002960946 0.002805213 0.002662347 0.002531154 0.002410533 0.002299475 0.002197054 0.002102424 0.002014816 0.001933529 0.001857931 0.001787448 0.001721567 0.001659824 0.001601809 0.001547155 0.001495539 0.001446675 0.001400314 0.001356242 0.001314271 0.001274245 0.00123603 0.001199516 0.001164614 0.001131254 0.001099382 0.001068959
0.03507018 0.03305752 0.0310972 0.0291978 0.02736624 0.02560793 0.02392687 0.0223258 0.02080632 0.01936901 0.01801362 0.01673912 0.0155439 0.01442582 0.01338234 0.01241061 0.01150752 0.01066983 0.009894186 0.009177166 0.008515362 0.007905387 0.00734392 0.006827724 0.006353664 0.005918726 0.005520025 0.005154814 0.004820484 0.004514574 0.004234762 0.003978874 0.003744871 0.003530852 0.00333505 0.003155821 0.002991647 0.002841122 0.002702956 0.002575957 0.002459038 0.002351201 0.002251539 0.002159224 0.002073508 0.001993712 0.001919226 0.001849501 0.001784047 0.001722425 0.001664249 0.001609176 0.001556906 0.001507176 0.001459761 0.001414465 0.001371124 0.001329599 0.001289775 0.001251561 0.001214884 0.001179686 0.00114593
0.03815916 0.03591964 0.03374303 0.03163853 0.02961349 0.02767351 0.02582261 0.02406339 0.02239719 0.02082423 0.01934382 0.01795444 0.01665395 0.01543965 0.01430842 0.01325685 0.01228128 0.0113779 0.01054282 0.009772141 0.00906195 0.008408411 0.007807772 0.007256395 0.006750771 0.006287542 0.005863501 0.005475604 0.005120974 0.004796898 0.004500829 0.004230381 0.00398333 0.003757602 0.003551271 0.003362555 0.003189806 0.003031505 0.002886256 0.002752778 0.002629898 0.002516546 0.002411746 0.002314616 0.002224353 0.002140235 0.002061612 0.001987901 0.001918581 0.001853191 0.00179132 0.001732608 0.001676739 0.00162344 0.001572474 0.001523639 0.001476762 0.001431702 0.001388341 0.001346583 0.001306355 0.001267599 0.001230278
0.04146263 0.03897414 0.03656086 0.03423265 0.03199721 0.02986027 0.02782579 0.02589612 0.02407224 0.02235391 0.0207399 0.01922809 0.0178157 0.01649938 0.01527537 0.01413958 0.01308774 0.01211541 0.01121812 0.01039139 0.009630774 0.008931943 0.008290675 0.00770289 0.007164679 0.006672306 0.006222218 0.005811057 0.005435651 0.005093023 0.004780383 0.004495125 0.004234822 0.003997218 0.003780224 0.003581909 0.00340049 0.003234327 0.003081917 0.00294188 0.002812959 0.002694005 0.002583977 0.002481929 0.002387008 0.002298445 0.00221555 0.002137704 0.002064359 0.001995025 0.001929273 0.001866725 0.00180705 0.001749963 0.001695218 0.001642606 0.00159195 0.001543105 0.00149595 0.00145039 0.001406351 0.001363777 0.001322628
0.04498488 0.0422239 0.03955247 0.03698102 0.03451754 0.03216779 0.02993556 0.02782284 0.02583012 0.02395659 0.02220033 0.02055853 0.01902765 0.0176036 0.01628186 0.01505761 0.01392584 0.01288145 0.01191928 0.01103424 0.0102213 0.009475588 0.008792359 0.008167068 0.007595361 0.007073102 0.006596367 0.006161457 0.005764892 0.005403411 0.005073965 0.004773715 0.004500021 0.004250437 0.0040227 0.00381472 0.003624577 0.003450504 0.003290883 0.003144237 0.003009216 0.002884593 0.002769257 0.0026622 0.002562514 0.002469384 0.002382078 0.002299944 0.002222403 0.002148942 0.002079109 0.002012509 0.001948799 0.001887683 0.001828907 0.001772257 0.001717552 0.001664644 0.001613412 0.001563762 0.001515621 0.001468935 0.001423668
0.04872802 0.04566982 0.04271775 0.03988276 0.03717301 0.03459419 0.03214975 0.02984121 0.02766842 0.02562985 0.02372276 0.02194351 0.02028769 0.01875035 0.01732611 0.01600932 0.01479416 0.01367475 0.01264524 0.01169982 0.01083284 0.01003881 0.009312457 0.008648706 0.008042739 0.007489984 0.006986125 0.006527099 0.006109097 0.005728557 0.005382159 0.005066818 0.00477967 0.004518067 0.004279565 0.00406191 0.003863036 0.003681045 0.003514201 0.003360923 0.003219768 0.003089428 0.002968718 0.002856569 0.002752017 0.002654198 0.002562342 0.002475759 0.002393843 0.002316054 0.002241923 0.002171038 0.002103043 0.002037633 0.001974548 0.001913569 0.001854514 0.001797234 0.00174161 0.001687549 0.001634981 0.001583857 0.001534145
0.0526916 0.04931036 0.04605435 0.04293492 0.03996028 0.03713587 0.03446466 0.03194753 0.02958352 0.02737019 0.02530387 0.02337993 0.02159297 0.01993704 0.01840579 0.01699264 0.01569088 0.01449378 0.01339469 0.01238705 0.01146452 0.01062096 0.009850498 0.009147516 0.008506688 0.007922985 0.007391666 0.006908288 0.006468692 0.006069 0.005705608 0.005375168 0.005074585 0.004800999 0.004551777 0.004324497 0.004116938 0.003927066 0.003753025 0.003593125 0.003445829 0.003309744 0.003183612 0.003066298 0.002956783 0.002854155 0.002757603 0.002666403 0.002579919 0.002497589 0.002418923 0.002343496 0.002270942 0.002200946 0.002133244 0.002067615 0.002003877 0.001941881 0.001881513 0.001822682 0.001765326 0.001709398 0.001654875
0.05687205 0.05314112 0.04955729 0.04613217 0.04287385 0.03978733 0.03687491 0.03413659 0.03157045 0.02917298 0.02693938 0.02486387 0.02293992 0.02116045 0.01951804 0.01800506 0.01661383 0.01533667 0.01416605 0.01309464 0.01211531 0.01122124 0.01040592 0.009663143 0.008987051 0.008372121 0.007813173 0.007305356 0.006844147 0.006425336 0.006045017 0.005699574 0.005385668 0.00510022 0.0048404 0.004603608 0.004387467 0.004189802 0.004008634 0.003842158 0.003688743 0.003546907 0.003415319 0.003292778 0.003178209 0.003070652 0.002969253 0.002873258 0.002782 0.002694896 0.002611438 0.002531188 0.00245377 0.002378866 0.002306206 0.00223557 0.002166776 0.002099683 0.002034178 0.001970179 0.001907629 0.001846491 0.001786747
0.06126215 0.05715435 0.05321858 0.04946649 0.04590583 0.04254094 0.0393732 0.03640155 0.03362286 0.03103235 0.02862391 0.02639046 0.02432417 0.02241671 0.02065944 0.0190436 0.01756042 0.01620121 0.01495751 0.01382108 0.01278402 0.01183875 0.01097808 0.01019519 0.009483641 0.008837412 0.008250847 0.007718674 0.007235985 0.006798225 0.006401176 0.006040941 0.005713928 0.005416829 0.005146612 0.004900496 0.004675939 0.004470625 0.004282442 0.004109477 0.003949993 0.003802427 0.003665366 0.003537547 0.003417837 0.003305228 0.003198828 0.003097847 0.003001592 0.00290946 0.002820928 0.002735546 0.00265293 0.002572757 0.002494761 0.00241872 0.00234446 0.002271842 0.002200764 0.002131151 0.002062955 0.001996152 0.001930733
0.06585047 0.06133852 0.05702683 0.05292685 0.04904569 0.04538674 0.04195025 0.03873381 0.03573285 0.03294111 0.03035098 0.02795388 0.02574054 0.02370123 0.02182599 0.0201048 0.01852769 0.01708491 0.01576696 0.01456469 0.01346931 0.01247247 0.01156626 0.0107432 0.009996264 0.009318886 0.008704924 0.008148664 0.007644799 0.007188416 0.006774972 0.00640028 0.006060486 0.005752049 0.005471727 0.005216552 0.004983816 0.004771053 0.004576021 0.004396691 0.004231227 0.004077972 0.003935442 0.003802303 0.00367737 0.003559586 0.003448019 0.003341848 0.003240356 0.003142919 0.003049001 0.002958143 0.002869958 0.00278412 0.002700366 0.002618479 0.002538291 0.002459674 0.002382535 0.002306811 0.002232468 0.002159491 0.002087888
