ABM/data/resources.asc
ncols         256
nrows         256
xllcorner     -4
yllcorner     -1
cellsize      0.01953125
NODATA_value  -9999
[rows 224 to 251 of 256, columns 189 to 251 of 256]
-9999 -9999 -9999 -9999 -9999 -9999 -9999 -9999 -9999 -9999 -9999 -9999 -9999 -9999 -9999 -9999 -9999 -9999 -9999 -9999 -9999 -9999 -9999 -9999 -9999 0.06132246 0.05815582 -9999 -9999 -9999 -9999 -9999 0.04112691 0.03863538 0.03624657 0.03396102 0.0317788 0.02969955 0.02772242 0.02584617 0.02406911 0.02238921 0.02080408 0.01931106 0.01790722 0.01658941 0.01535436 0.01419863 0.01311872 0.01211108 0.01117212 0.01029829 0.009486062 0.008731977 0.008032646 0.007384778 0.006785188 0.006230807 0.005718689 0.00524602 0.004810118 0.004408433 0.00403855
-9999 -9999 -9999 -9999 -9999 -9999 -9999 -9999 -9999 -9999 -9999 -9999 -9999 -9999 -9999 -9999 -9999 -9999 -9999 -9999 -9999 -9999 -9999 -9999 -9999 -9999 -9999 -9999 -9999 -9999 -9999 -9999 -9999 0.03718136 0.03486741 0.03265812 0.03055254 0.02854941 0.02664718 0.02484398 0.02313766 0.02152579 0.0200057 0.01857453 0.01722922 0.01596658 0.01478328 0.01367595 0.01264115 0.0116754 0.01077526 0.009937294 0.009158124 0.008434437 0.007763003 0.007140684 0.006564453 0.00603139 0.005538699 0.005083707 0.004663866 0.004276757 0.003920087
-9999 -9999 -9999 -9999 -9999 -9999 -9999 -9999 -9999 -9999 -9999 -9999 -9999 -9999 -9999 -9999 -9999 -9999 -9999 -9999 -9999 -9999 -9999 -9999 -9999 -9999 -9999 -9999 -9999 -9999 -9999 -9999 -9999 -9999 -9999 0.03148013 0.02944021 0.02750288 0.02566586 0.0239267 0.02228274 0.02073117 0.01926903 0.01789321 0.01660051 0.01538763 0.01425122 0.01318789 0.01219422 0.01126681 0.0104023 0.009597353 0.008848702 0.008153155 0.007507614 0.006909071 0.006354628 0.005841499 0.005367015 0.004928625 0.004523903 0.004150541 0.003806357
-9999 -9999 -9999 -9999 -9999 -9999 -9999 -9999 -9999 -9999 -9999 -9999 -9999 -9999 -9999 -9999 -9999 -9999 -9999 -9999 -9999 -9999 -9999 -9999 -9999 0.05656713 0.05339052 0.05034763 -9999 -9999 -9999 -9999 -9999 -9999 -9999 0.03041691 0.02843292 0.02655218 0.02477172 0.02308847 0.02149932 0.02000104 0.01859037 0.01726396 0.01601842 0.01485035 0.01375631 0.01273288 0.01177665 0.01088426 0.01005238 0.009277768 0.008557234 0.007887688 0.007266131 0.006689668 0.00615551 0.005660983 0.005203527 0.004780701 0.004390181 0.004029762 0.003697356
-9999 -9999 -9999 -9999 -9999 -9999 -9999 -9999 -9999 -9999 -9999 -9999 -9999 -9999 -9999 -9999 -9999 -9999 -9999 -9999 -9999 -9999 -9999 -9999 0.05876932 0.0554161 0.05221603 0.04916329 -9999 -9999 -9999 -9999 -9999 -9999 0.03150294 0.02945839 0.02752181 0.02568952 0.02395791 0.02232334 0.02078222 0.01933094 0.01796589 0.01668349 0.01548016 0.01435235 0.01329653 0.01230923 0.01138702 0.01052654 0.009724509 0.008977716 0.008283046 0.007637481 0.007038107 0.006482116 0.005966813 0.005489617 0.005048063 0.004639803 0.004262603 0.003914348 0.003593035
-9999 -9999 -9999 -9999 -9999 -9999 -9999 -9999 -9999 -9999 -9999 -9999 -9999 -9999 -9999 -9999 -9999 -9999 -9999 -9999 -9999 -9999 -9999 -9999 0.05783582 0.05443766 0.05120741 0.04813755 -9999 -9999 -9999 -9999 0.03496323 0.03272264 0.03060136 0.02859468 0.02669806 0.02490713 0.02321761 0.02162533 0.02012623 0.0187163 0.01739164 0.0161484 0.01498278 0.0138911 0.01286972 0.0119151 0.01102376 0.01019235 0.009417576 0.008696272 0.008025367 0.007401896 0.006823013 0.006285981 0.005788182 0.005327113 0.004900391 0.004505746 0.004141024 0.003804188 0.003493308
-9999 -9999 -9999 -9999 -9999 -9999 -9999 -9999 -9999 -9999 -9999 -9999 -9999 -9999 -9999 -9999 -9999 -9999 -9999 -9999 -9999 -9999 -9999 -9999 -9999 -9999 0.0503417 0.04724924 -9999 -9999 -9999 0.03644618 0.03410078 0.0318845 0.02979147 0.0278161 0.0259531 0.02419737 0.02254406 0.02098848 0.01952611 0.01815257 0.01686364 0.01565521 0.01452329 0.01346402 0.01247366 0.01154858 0.01068525 0.009880283 0.009130399 0.008432435 0.007783349 0.007180222 0.006620253 0.006100767 0.005619205 0.005173132 0.004760231 0.004378302 0.004025259 0.003699131 0.003398055
-9999 -9999 -9999 -9999 -9999 -9999 -9999 -9999 -9999 -9999 -9999 -9999 -9999 -9999 -9999 -9999 -9999 -9999 -9999 -9999 -9999 -9999 -9999 -9999 -9999 -9999 -9999 -9999 -9999 -9999 0.03813469 0.03566213 0.0333307 0.0311332 0.02906287 0.02711334 0.02527856 0.02355281 0.02193067 0.02040695 0.01897671 0.01763521 0.01637791 0.01520046 0.01409866 0.01306849 0.01210607 0.0112077 0.01036979 0.009588895 0.008861735 0.008185141 0.007556091 0.006971691 0.006429181 0.005925926 0.005459423 0.005027289 0.004627263 0.004257204 0.003915086 0.003598996 0.003307128
-9999 -9999 -9999 -9999 -9999 -9999 -9999 -9999 -9999 -9999 -9999 -9999 -9999 -9999 -9999 -9999 -9999 -9999 -9999 -9999 -9999 -9999 -9999 -9999 -9999 -9999 0.04895332 0.04580573 0.04284303 0.04005471 0.03743096 0.03496253 0.03264081 0.0304577 0.02840561 0.02647741 0.0246664 0.02296626 0.02137102 0.01987505 0.01847299 0.01715976 0.01593053 0.01478069 0.01370586 0.01270185 0.01176466 0.01089048 0.01007565 0.009316696 0.008610299 0.007953288 0.007342646 0.006775496 0.006249105 0.005760875 0.00530834 0.004889164 0.004501133 0.004142157 0.003810259 0.003503577 0.003220356
-9999 -9999 -9999 -9999 -9999 -9999 -9999 -9999 -9999 -9999 -9999 -9999 -9999 -9999 -9999 -9999 -9999 -9999 -9999 -9999 -9999 -9999 -9999 -9999 -9999 0.05177463 0.04839095 0.04521381 0.04223087 0.03943052 0.03680188 0.03433476 0.03201962 0.02984755 0.0278102 0.02589977 0.02410893 0.02243081 0.02085895 0.01938727 0.01801005 0.01672189 0.01551766 0.01439254 0.01334194 0.01236152 0.01144715 0.01059492 0.009801106 0.00906218 0.008374791 0.007735753 0.007142045 0.006590803 0.006079312 0.005605 0.005165434 0.004758312 0.004381464 0.004032839 0.003710506 0.003412645 0.003137547
-9999 -9999 -9999 -9999 -9999 -9999 -9999 -9999 -9999 -9999 -9999 -9999 -9999 -9999 -9999 -9999 -9999 -9999 -9999 -9999 -9999 -9999 -9999 -9999 -9999 0.05131454 0.04789213 0.04468595 0.04168257 0.03886937 0.03623452 0.03376694 0.03145629 0.0292929 0.02726773 0.02537235 0.02359886 0.0219399 0.02038855 0.01893835 0.0175832 0.01631741 0.0151356 0.01403272 0.01300399 0.01204494 0.01115129 0.01031906 0.009544438 0.008823849 0.008153904 0.007531399 0.006953306 0.006416764 0.00591907 0.005457671 0.005030162 0.00463427 0.004267858 0.003928912 0.003615538 0.003325956 0.003058493
-9999 -9999 -9999 -9999 -9999 -9999 -9999 -9999 -9999 -9999 -9999 -9999 -9999 -9999 -9999 -9999 -9999 -9999 -9999 -9999 -9999 -9999 -9999 0.05855324 0.05459775 0.05089882 0.04744026 0.04420676 0.04118391 0.03835816 0.03571683 0.03324805 0.03094073 0.02878453 0.02676979 0.02488752 0.02312931 0.02148733 0.01995426 0.01852326 0.01718794 0.01594232 0.01478077 0.01369805 0.01268921 0.01174961 0.0108749 0.01006097 0.009303956 0.008600224 0.007946347 0.007339102 0.006775449 0.006252525 0.005767638 0.00531825 0.004901973 0.004516562 0.004159908 0.003830026 0.003525057 0.003243253 0.002982976
-9999 -9999 -9999 -9999 -9999 -9999 0.1863828 0.1748833 -9999 -9999 -9999 -9999 0.1255975 0.1173257 -9999 -9999 -9999 -9999 -9999 -9999 -9999 -9999 -9999 0.05825767 0.05425115 0.05051102 0.04702009 0.04376212 0.04072182 0.03788483 0.0352377 0.03276786 0.03046357 0.02831388 0.02630859 0.02443819 0.02269383 0.02106726 0.0195508 0.01813729 0.01682004 0.01559281 0.01444978 0.01338551 0.0123949 0.01147317 0.01061587 0.009818793 0.009078018 0.008389859 0.007750852 0.00715775 0.006607501 0.006097242 0.005624282 0.005186095 0.004780312 0.004404708 0.004057197 0.003735823 0.003438754 0.003164271 0.002910769
-9999 -9999 -9999 0.2286232 0.2149862 0.201905 0.1894006 0.1774848 0.1661615 0.1554283 -9999 0.1356969 0.1266713 0.1181822 0.1102097 -9999 -9999 -9999 -9999 -9999 -9999 -9999 -9999 0.05796197 0.05391157 0.05013617 0.0466177 0.0433391 0.04028433 0.03743831 0.03478693 0.03231699 0.0300162 0.02787306 0.02587691 0.02401779 0.02228644 0.02067428 0.01917328 0.01777599 0.01647549 0.01526531 0.01413943 0.01309224 0.0121185 0.01121333 0.01037217 0.009590731 0.008865039 0.008191356 0.007566187 0.006986262 0.006448517 0.005950083 0.005488275 0.005060575 0.004664629 0.004298229 0.003959311 0.003645943 0.003356317 0.003088742 0.00284164
-9999 0.2624579 0.2471869 0.2324647 0.2183277 0.2048002 0.1918966 0.1796232 0.1679794 0.1569589 0.1465507 0.1367397 0.1275081 0.1188354 0.1106995 0.1030768 0.09594316 -9999 -9999 -9999 -9999 -9999 0.06203882 0.05765061 0.05356454 0.04976078 0.04622054 0.04292606 0.03986063 0.03700859 0.03435525 0.03188689 0.02959073 0.02745484 0.02546812 0.02362025 0.02190163 0.02030335 0.01881712 0.01743525 0.01615058 0.01495645 0.01384668 0.01281552 0.0118576 0.01096794 0.01014187 0.009375078 0.008663503 0.008003375 0.007391168 0.006823593 0.006297574 0.005810241 0.005358909 0.00494107 0.004554381 0.004196652 0.003865838 0.003560028 0.003277436 0.003016398 0.002775358
0.282833 0.2664609 0.2506622 0.2354755 0.2209273 0.2070345 0.1938054 0.1812414 0.1693379 0.1580852 0.1474693 0.1374729 0.1280758 0.1192559 -9999 0.103251 0.09601561 0.0892572 0.08294998 -9999 -9999 0.06648293 0.06173122 0.05730982 0.05319721 0.04937287 0.04581743 0.04251255 0.03944102 0.03658666 0.03393431 0.03146985 0.02918006 0.02705266 0.02507621 0.02324006 0.02153434 0.01994988 0.01847816 0.01711126 0.01584186 0.01466313 0.01356875 0.01255284 0.01160993 0.01073495 0.009923181 0.009170218 0.008471974 0.007824639 0.007224664 0.006668743 0.006153792 0.005676937 0.005235498 0.004826977 0.004449041 0.004099516 0.003776375 0.003477725 0.003201806 0.002946971 0.002711689
0.2861354 0.269303 0.2531043 0.2375672 0.2227102 0.2085439 0.1950718 0.1822914 0.1701948 0.1587697 0.1479999 0.1378663 0.1283472 0.1194189 0.1110564 0.1032337 0.09592423 0.08910137 0.08273845 0.07680923 0.07128804 0.06614993 0.06137083 0.05692766 0.05279835 0.04896193 0.04539854 0.04208942 0.03901694 0.03616454 0.03351672 0.03105898 0.02877782 0.02666064 0.02469574 0.02287223 0.02118001 0.01960969 0.01815256 0.01680055 0.01554617 0.01438248 0.01330304 0.01230186 0.01137339 0.0105125 0.009714396 0.008974639 0.008289101 0.007653945 0.007065604 0.006520761 0.006016326 0.005549427 0.005117388 0.004717718 0.0043481 0.004006373 0.003690528 0.003398693 0.003129124 0.002880199 0.002650407
0.2880091 0.2708834 0.2544305 0.2386712 0.2236187 0.2092793 0.1956534 0.182736 0.1705173 0.1589833 0.1481165 0.1378966 0.1283008 0.1193048 0.1108827 0.1030079 0.09565336 0.08879171 0.0823959 0.07643922 0.07089557 0.0657396 0.06094689 0.05649396 0.05235841 0.04851895 0.0449554 0.0416487 0.03858093 0.03573527 0.03309594 0.03064822 0.02837836 0.02627355 0.0243219 0.02251231 0.02083453 0.019279 0.01783687 0.01649996 0.01526065 0.0141119 0.01304718 0.01206043 0.01114605 0.01029883 0.00951395 0.008786932 0.008113622 0.007490166 0.006912985 0.006378754 0.005884384 0.005427006 0.005003951 0.004612742 0.00425107 0.003916795 0.003607923 0.003322599 0.003059102 0.002815829 0.002591289
0.2883722 0.2711363 0.2545871 0.2387428 0.2236147 0.2092079 0.1955218 0.1825504 0.1702833 0.1587061 0.1478008 0.1375469 0.1279212 0.1188992 0.1104548 0.1025612 0.09519102 0.08831691 0.08191158 0.07594815 0.07040036 0.0652427 0.06045056 0.05600033 0.05186942 0.04803638 0.04448085 0.04118364 0.03812663 0.03529285 0.03266637 0.03023231 0.02797677 0.02588683 0.02395042 0.02215636 0.02049426 0.01895446 0.01752803 0.01620667 0.01498271 0.01384902 0.01279902 0.01182661 0.01092613 0.01009235 0.009320401 0.0086058 0.007944373 0.007332258 0.006765871 0.006241887 0.005757221 0.005309012 0.004894603 0.004511526 0.004157492 0.003830374 0.003528198 0.003249128 0.002991461 0.002753615 0.002534121
0.2871936 0.2700364 0.2535528 0.2377637 0.2226824 0.2083156 0.1946638 0.1817223 0.1694814 0.1579273 0.1470428 0.1368076 0.1271992 0.1181932 0.1097639 0.1018849 0.094529 0.08766898 0.08127771 0.07532847 0.06979508 0.06465211 0.059875 0.05544015 0.05132502 0.04750812 0.04396908 0.04068867 0.03764874 0.03483226 0.03222325 0.02980677 0.02756886 0.02549652 0.02357763 0.02180095 0.02015602 0.01863313 0.01722329 0.01591817 0.01471003 0.01359173 0.01255665 0.01159864 0.01071205 0.009891598 0.009132436 0.008430056 0.007780286 0.00717926 0.0066234 0.006109387 0.005634147 0.00519483 0.004788792 0.004413584 0.004066932 0.003746727 0.003451014 0.003177978 0.002925936 0.002693326 0.002478697
0.2844965 0.2676008 0.2513402 0.235743 0.2208281 0.2066065 0.1930823 0.1802532 0.1681118 0.1566462 0.1458407 0.1356762 0.1261315 0.1171831 0.1088062 0.1009749 0.09366283 0.08684322 0.08048948 0.07457526 0.06907476 0.06396286 0.05921525 0.05480855 0.05072039 0.04692945 0.04341549 0.04015936 0.03714299 0.03434941 0.03176268 0.02936788 0.02715109 0.0250993 0.0232004 0.02144315 0.01981706 0.01831245 0.0169203 0.01563226 0.01444061 0.01333818 0.01231834 0.01137496 0.01050236 0.009695282 0.008948874 0.008258631 0.00762039 0.007030297 0.006484783 0.005980546 0.005514526 0.005083889 0.004686011 0.004318461 0.003978984 0.003665493 0.003376053 0.003108868 0.002862278 0.00263474 0.002424825
0.2803553 0.263887 0.2479943 0.2327162 0.2180801 0.2041032 0.1907948 0.1781569 0.1661853 0.1548711 0.1442007 0.1341574 0.1247214 0.1158709 0.1075824 0.0998311 0.09259163 0.08583819 0.07954492 0.07368617 0.06823673 0.06317202 0.05846818 0.05410225 0.05005221 0.04629702 0.04281672 0.03959237 0.0366061 0.03384109 0.03128155 0.02891266 0.0267206 0.02469243 0.02281613 0.02108048 0.01947508 0.01799025 0.01661702 0.01534706 0.01417268 0.01308672 0.0120826 0.01115417 0.0102958 0.009502244 0.008768657 0.008090562 0.007463813 0.006884577 0.006349307 0.005854719 0.005397778 0.00497567 0.004585794 0.00422574 0.003893278 0.003586342 0.003303018 0.003041536 0.002800253 0.00257765 0.00237232
0.2748872 0.2589875 0.2435889 0.2287428 0.2144863 0.2008448 0.1878335 0.1754596 0.1637233 0.1526192 0.1421369 0.1322622 0.1229777 0.1142634 0.1060976 0.09845719 0.091318 0.08465547 0.07844478 0.07266124 0.06728046 0.06227859 0.05763244 0.0533196 0.04931856 0.04560874 0.04217055 0.03898541 0.03603573 0.03330496 0.03077751 0.02843879 0.02627513 0.02427374 0.02242272 0.02071097 0.01912816 0.01766472 0.01631174 0.01506097 0.01390474 0.01283599 0.01184813 0.0109351 0.01009128 0.009311469 0.008590858 0.007925 0.007309782 0.006741398 0.006216332 0.00573133 0.005283381 0.004869702 0.004487716 0.004135041 0.003809472 0.003508967 0.003231638 0.002975737 0.002739646 0.002521867 0.002321013
0.2682408 0.2530214 0.2382203 0.2239013 0.2101115 0.1968844 0.1842422 0.1721977 0.160756 0.1499157 0.13967 0.1300078 0.1209143 0.112372 0.1043612 0.0968606 0.08984775 0.08329951 0.07719237 0.07150281 0.06620747 0.06128341 0.05670827 0.05246038 0.04851886 0.04486371 0.04147585 0.03833715 0.03543042 0.03273944 0.03024896 0.02794463 0.02581303 0.02384157 0.02201855 0.02033301 0.01877479 0.01733441 0.01600309 0.01477266 0.01363556 0.01258479 0.01161384 0.01071672 0.009887846 0.009122085 0.008414672 0.007761206 0.007157616 0.006600139 0.006085294 0.005609862 0.005170869 0.004765562 0.004391397 0.004046021 0.003727257 0.003433093 0.003161666 0.002911252 0.002680259 0.002467213 0.002270747
0.2605835 0.2461257 0.2320014 0.2182851 0.2050332 0.192287 0.1800753 0.1684168 0.1573216 0.1467926 0.1368269 0.1274167 0.1185501 0.1102124 0.1023861 0.09505199 0.08818956 0.08177733 0.0757933 0.07021528 0.06502112 0.06018898 0.05569746 0.05152574 0.04765375 0.04406215 0.0407325 0.03764718 0.03478952 0.03214374 0.02969494 0.02742913 0.02533318 0.02339479 0.02160246 0.01994546 0.0184138 0.01699818 0.01568995 0.01448108 0.01336413 0.01233218 0.01137884 0.01049818 0.009684704 0.008933348 0.008239409 0.007598542 0.007006731 0.006460262 0.005955698 0.005489866 0.00505983 0.004662877 0.004296498 0.003958373 0.003646358 0.003358471 0.003092876 0.002847879 0.002621913 0.002413527 0.002221381
0.2520899 0.2384463 0.2250544 0.211997 0.1993379 0.1871253 0.1753943 0.164169 0.1534642 0.1432873 0.1336393 0.1245157 0.1159078 0.1078036 0.1001883 0.09304481 0.08635468 0.08009826 0.07425523 0.0688049 0.06372647 0.05899931 0.05460312 0.05051808 0.04672498 0.04320529 0.03994125 0.03691592 0.03411316 0.03151771 0.02911513 0.02689182 0.024835 0.02293269 0.02117369 0.01954751 0.01804438 0.0166552 0.01537151 0.01418543 0.01308965 0.0120774 0.01114239 0.01027878 0.009481203 0.008744647 0.008064495 0.007436474 0.00685663 0.006321305 0.005827121 0.005370952 0.00494991 0.004561323 0.004202723 0.003871829 0.003566531 0.003284879 0.003025071 0.00278544 0.002564447 0.002360667 0.002172784
0.2429327 0.2301306 0.217505 0.205144 0.193117 0.1814776 0.170266 0.1595113 0.1492327 0.1394416 0.1301427 0.1213351 0.1130133 0.1051678 0.09778661 0.09085494 0.08435648 0.07827355 0.07258759 0.06727951 0.06233 0.05771973 0.0534296 0.04944087 0.0457353 0.04229524 0.03910374 0.03614453 0.03340214 0.03086186 0.02850976 0.02633271 0.02431833 0.02245502 0.02073187 0.01913871 0.01766603 0.01630495 0.01504721 0.01388513 0.01281156 0.01181988 0.01090393 0.01005801 0.009276825 0.008555489 0.007889465 0.007274562 0.006706899 0.006182887 0.005699207 0.005252792 0.004840803 0.004460619 0.004109817 0.003786154 0.003487562 0.003212125 0.002958075 0.002723776 0.002507718 0.002308503 0.002124841
0.2332755 0.2213216 0.2094775 0.1978339 0.1864636 0.1754241 0.1647598 0.1545035 0.1446785 0.1352998 0.1263756 0.1179081 0.1098948 0.1023293 0.09520178 0.08850013 0.08221012 0.07631607 0.07080127 0.06564833 0.06083944 0.0563567 0.05218225 0.04829852 0.04468832 0.04133494 0.03822227 0.03533484 0.03265785 0.03017722 0.02787958 0.02575231 0.02378348 0.02196188 0.02027699 0.01871895 0.01727853 0.01594713 0.01471672 0.01357982 0.01252947 0.01155923 0.01066307 0.009835444 0.00907118 0.008365493 0.007713953 0.007112458 0.006557209 0.006044695 0.005571663 0.00513511 0.004732256 0.004360531 0.004017561 0.00370115 0.003409269 0.003140043 0.002891737 0.00266275 0.002451602 0.002256924 0.002077452
